Spectrum
Wavelength 1 (400 nm)
	1	2	3	4	5	6	7	8	9	10	11	12
A	0.27010	0.27300	0.27100	0.25740	0.27200	0.27430	0.26880	0.27280	0.27260	0.27540	0.27160	0.27530	Spectrum Read#1
B	0.26610	0.27080	0.26900	0.27190	0.27040	0.27040	0.27350	0.27280	0.27260	0.27220	0.27260	0.27210	Spectrum Read#1
C	0.26670	0.26670	0.27000	0.27170	0.27010	0.27140	0.27230	0.27180	0.27070	0.27220	0.27800	0.27100	Spectrum Read#1
D	0.26700	0.26800	0.26740	0.27110	0.27360	0.27280	0.27150	0.27200	0.27860	0.26520	0.26250	0.26350	Spectrum Read#1
E	0.26230	0.25870	0.26650	0.26730	0.27320	0.26780	0.27360	0.26860	0.27410	0.26220	0.26450	0.26470	Spectrum Read#1
F	0.26490	0.27160	0.27040	0.27030	0.27240	0.27000	0.25740	0.26670	0.26690	0.26610	0.27250	0.25930	Spectrum Read#1
G	0.26690	0.26720	0.26190	0.26000	0.26770	0.26640	0.26530	0.26670	0.26340	0.25700	0.27800	0.25980	Spectrum Read#1
H	0.25490	0.26540	0.26420	0.26900	0.26970	0.26990	0.26210	0.26050	0.26350	0.25580	0.25460	0.25340	Spectrum Read#1

Spectrum
Wavelength 2 (410 nm)
	1	2	3	4	5	6	7	8	9	10	11	12
A	0.26030	0.26230	0.26100	0.24860	0.26370	0.26690	0.26310	0.26790	0.26880	0.27310	0.27070	0.27550	Spectrum Read#2
B	0.25320	0.25820	0.25770	0.26130	0.26170	0.26300	0.26700	0.26800	0.26920	0.27030	0.27160	0.27250	Spectrum Read#2
C	0.25370	0.25490	0.25960	0.26300	0.26240	0.26500	0.26760	0.26840	0.26860	0.27140	0.27810	0.27280	Spectrum Read#2
D	0.25620	0.25860	0.25970	0.26430	0.26830	0.26840	0.26840	0.27020	0.27800	0.26640	0.26450	0.26670	Spectrum Read#2
E	0.25470	0.25200	0.26060	0.26270	0.26960	0.26570	0.27210	0.26850	0.27280	0.26450	0.26760	0.26840	Spectrum Read#2
F	0.25890	0.26640	0.26660	0.26710	0.27060	0.26930	0.25800	0.26770	0.26920	0.26900	0.27610	0.26340	Spectrum Read#2
G	0.26290	0.26370	0.26000	0.25890	0.26730	0.26660	0.26670	0.26890	0.26620	0.26060	0.27950	0.26430	Spectrum Read#2
H	0.25300	0.26390	0.26320	0.26890	0.26960	0.27140	0.26430	0.26340	0.26670	0.25960	0.25870	0.25730	Spectrum Read#2

Spectrum
Wavelength 3 (420 nm)
	1	2	3	4	5	6	7	8	9	10	11	12
A	0.24940	0.25200	0.25130	0.24090	0.25640	0.26100	0.25850	0.26450	0.26670	0.27240	0.27100	0.27710	Spectrum Read#3
B	0.24100	0.24670	0.24760	0.25240	0.25460	0.25740	0.26260	0.26500	0.26740	0.26990	0.27260	0.27470	Spectrum Read#3
C	0.24200	0.24540	0.25150	0.25620	0.25730	0.26130	0.26480	0.26710	0.26850	0.27250	0.28000	0.27600	Spectrum Read#3
D	0.24800	0.25180	0.25450	0.26030	0.26550	0.26670	0.26820	0.27090	0.27970	0.26980	0.26870	0.27130	Spectrum Read#3
E	0.25040	0.24930	0.25840	0.26150	0.26890	0.26640	0.27390	0.27080	0.27390	0.26890	0.27250	0.27390	Spectrum Read#3
F	0.25740	0.26560	0.26670	0.26800	0.27240	0.27180	0.26130	0.27170	0.27360	0.27430	0.28170	0.26900	Spectrum Read#3
G	0.26340	0.26530	0.26240	0.26170	0.27060	0.27000	0.27100	0.27370	0.27170	0.26600	0.28290	0.27020	Spectrum Read#3
H	0.25640	0.26690	0.26660	0.27270	0.27230	0.27620	0.26930	0.26860	0.27180	0.26480	0.26420	0.26270	Spectrum Read#3

Spectrum
Wavelength 4 (430 nm)
	1	2	3	4	5	6	7	8	9	10	11	12
A	0.24480	0.24740	0.24640	0.23600	0.25120	0.25590	0.25310	0.25930	0.26150	0.26740	0.26570	0.27160	Spectrum Read#4
B	0.23490	0.24040	0.24110	0.24620	0.24810	0.25110	0.25640	0.25870	0.26130	0.26350	0.26640	0.26830	Spectrum Read#4
C	0.23520	0.23890	0.24470	0.24920	0.25060	0.25460	0.25810	0.26030	0.26170	0.26580	0.27320	0.26970	Spectrum Read#4
D	0.24100	0.24510	0.24770	0.25340	0.25850	0.26010	0.26130	0.26430	0.27280	0.26340	0.26270	0.26540	Spectrum Read#4
E	0.24330	0.24250	0.25140	0.25460	0.26180	0.25960	0.26720	0.26460	0.26710	0.26270	0.26640	0.26810	Spectrum Read#4
F	0.25030	0.25830	0.25970	0.26110	0.26560	0.26510	0.25540	0.26550	0.26750	0.26840	0.27590	0.26370	Spectrum Read#4
G	0.25660	0.25830	0.25600	0.25550	0.26430	0.26370	0.26530	0.26780	0.26590	0.26080	0.27580	0.26520	Spectrum Read#4
H	0.24990	0.26050	0.26030	0.26640	0.26600	0.27030	0.26370	0.26320	0.26660	0.26010	0.25940	0.25810	Spectrum Read#4

Spectrum
Wavelength 5 (440 nm)
	1	2	3	4	5	6	7	8	9	10	11	12
A	0.24590	0.24700	0.24430	0.23230	0.24630	0.24970	0.24560	0.25010	0.25110	0.25540	0.25270	0.25710	Spectrum Read#5
B	0.23330	0.23720	0.23680	0.24030	0.24050	0.24240	0.24600	0.24730	0.24840	0.24930	0.25090	0.25170	Spectrum Read#5
C	0.23130	0.23340	0.23780	0.24080	0.24120	0.24370	0.24570	0.24680	0.24700	0.24960	0.25560	0.25120	Spectrum Read#5
D	0.23490	0.23770	0.23890	0.24300	0.24680	0.24720	0.24720	0.24890	0.25640	0.24600	0.24440	0.24650	Spectrum Read#5
E	0.23490	0.23310	0.24090	0.24290	0.24880	0.24570	0.25160	0.24820	0.25110	0.24500	0.24790	0.24890	Spectrum Read#5
F	0.24050	0.24720	0.24730	0.24790	0.25120	0.25000	0.23960	0.24860	0.25000	0.24980	0.25650	0.24510	Spectrum Read#5
G	0.24530	0.24630	0.24270	0.24160	0.24940	0.24810	0.24860	0.25050	0.24810	0.24300	0.25720	0.24690	Spectrum Read#5
H	0.23830	0.24730	0.24670	0.25170	0.25080	0.25380	0.24700	0.24610	0.24860	0.24260	0.24210	0.24080	Spectrum Read#5

Spectrum
Wavelength 6 (450 nm)
	1	2	3	4	5	6	7	8	9	10	11	12
A	0.25320	0.25280	0.24830	0.23460	0.24760	0.24990	0.24420	0.24760	0.24730	0.25030	0.24640	0.24950	Spectrum Read#6
B	0.23770	0.24020	0.23810	0.24060	0.23950	0.24030	0.24280	0.24280	0.24290	0.24230	0.24290	0.24270	Spectrum Read#6
C	0.23300	0.23420	0.23730	0.23890	0.23800	0.23970	0.24040	0.24020	0.23940	0.24110	0.24580	0.24070	Spectrum Read#6
D	0.23490	0.23660	0.23610	0.23960	0.24200	0.24110	0.24010	0.24100	0.24710	0.23570	0.23370	0.23480	Spectrum Read#6
E	0.23260	0.22980	0.23670	0.23780	0.24260	0.23820	0.24320	0.23910	0.24250	0.23400	0.23620	0.23690	Spectrum Read#6
F	0.23650	0.24230	0.24180	0.24140	0.24340	0.24150	0.23040	0.23840	0.23890	0.23820	0.24430	0.23300	Spectrum Read#6
G	0.24020	0.24030	0.23580	0.23380	0.24070	0.23910	0.23880	0.23960	0.23660	0.23150	0.24630	0.23510	Spectrum Read#6
H	0.23230	0.24040	0.23880	0.24280	0.24220	0.24360	0.23650	0.23520	0.23730	0.23110	0.23070	0.22940	Spectrum Read#6

Spectrum
Wavelength 7 (460 nm)
	1	2	3	4	5	6	7	8	9	10	11	12
A	0.26630	0.26560	0.25960	0.24400	0.25680	0.25790	0.25080	0.25320	0.25160	0.25360	0.24850	0.25040	Spectrum Read#7
B	0.24930	0.25080	0.24750	0.24920	0.24630	0.24610	0.24740	0.24610	0.24510	0.24340	0.24300	0.24170	Spectrum Read#7
C	0.24280	0.24260	0.24450	0.24520	0.24330	0.24360	0.24320	0.24200	0.23980	0.24040	0.24460	0.23800	Spectrum Read#7
D	0.24240	0.24320	0.24130	0.24370	0.24540	0.24350	0.24120	0.24080	0.24620	0.23320	0.23040	0.23080	Spectrum Read#7
E	0.23790	0.23420	0.24040	0.24020	0.24450	0.23870	0.24280	0.23760	0.24220	0.23070	0.23210	0.23230	Spectrum Read#7
F	0.24050	0.24540	0.24400	0.24250	0.24360	0.24080	0.22840	0.23590	0.23550	0.23410	0.23960	0.22790	Spectrum Read#7
G	0.24280	0.24210	0.23640	0.23360	0.23980	0.23740	0.23610	0.23610	0.23240	0.22660	0.24360	0.22940	Spectrum Read#7
H	0.23350	0.24100	0.23850	0.24170	0.24090	0.24070	0.23300	0.23080	0.23270	0.22600	0.22540	0.22410	Spectrum Read#7

Spectrum
Wavelength 8 (470 nm)
	1	2	3	4	5	6	7	8	9	10	11	12
A	0.28630	0.28550	0.27840	0.26020	0.27350	0.27330	0.26410	0.26530	0.26220	0.26280	0.25590	0.25640	Spectrum Read#8
B	0.26880	0.26980	0.26480	0.26550	0.26060	0.25880	0.25880	0.25620	0.25330	0.24960	0.24820	0.24540	Spectrum Read#8
C	0.26070	0.25870	0.25950	0.25860	0.25500	0.25370	0.25190	0.24900	0.24530	0.24450	0.24760	0.23910	Spectrum Read#8
D	0.25760	0.25700	0.25320	0.25450	0.25440	0.25100	0.24690	0.24540	0.24940	0.23430	0.23000	0.22970	Spectrum Read#8
E	0.24970	0.24380	0.25010	0.24810	0.25150	0.24370	0.24660	0.24020	0.24620	0.23000	0.23070	0.22990	Spectrum Read#8
F	0.24990	0.25370	0.25100	0.24860	0.24800	0.24380	0.22960	0.23660	0.23480	0.23270	0.23720	0.22480	Spectrum Read#8
G	0.25040	0.24830	0.24080	0.23680	0.24260	0.23910	0.23650	0.23540	0.23090	0.22390	0.24490	0.22570	Spectrum Read#8
H	0.23820	0.24500	0.24180	0.24370	0.24350	0.24050	0.23180	0.22900	0.23030	0.22280	0.22170	0.22020	Spectrum Read#8

Spectrum
Wavelength 9 (480 nm)
	1	2	3	4	5	6	7	8	9	10	11	12
A	0.31570	0.31500	0.30650	0.28510	0.29850	0.29590	0.28390	0.28330	0.27790	0.27600	0.26670	0.26510	Spectrum Read#9
B	0.29820	0.29860	0.29130	0.28980	0.28180	0.27820	0.27620	0.27060	0.26540	0.25900	0.25500	0.25000	Spectrum Read#9
C	0.28780	0.28370	0.28210	0.27850	0.27270	0.26900	0.26490	0.25920	0.25320	0.25020	0.25190	0.23990	Spectrum Read#9
D	0.28050	0.27760	0.27090	0.27010	0.26800	0.26250	0.25570	0.25210	0.25360	0.23520	0.22950	0.22740	Spectrum Read#9
E	0.26720	0.25890	0.26350	0.25970	0.26160	0.25070	0.25190	0.24340	0.25220	0.22850	0.22800	0.22610	Spectrum Read#9
F	0.26350	0.26630	0.26140	0.25670	0.25440	0.24810	0.23090	0.23690	0.23340	0.22970	0.23320	0.22000	Spectrum Read#9
G	0.26140	0.25740	0.24710	0.24120	0.24580	0.24150	0.23610	0.23350	0.22780	0.21910	0.24590	0.21960	Spectrum Read#9
H	0.24500	0.25100	0.24600	0.24610	0.24650	0.23970	0.22950	0.22550	0.22590	0.21750	0.21590	0.21460	Spectrum Read#9

Spectrum
Wavelength 10 (490 nm)
	1	2	3	4	5	6	7	8	9	10	11	12
A	0.35520	0.35470	0.34520	0.31930	0.33330	0.32820	0.31260	0.31010	0.30170	0.29680	0.28470	0.28050	Spectrum Read#10
B	0.33770	0.33840	0.32840	0.32450	0.31310	0.30670	0.30210	0.29310	0.28510	0.27530	0.26820	0.26070	Spectrum Read#10
C	0.32580	0.31870	0.31420	0.30810	0.29900	0.29230	0.28540	0.27680	0.26730	0.26180	0.26170	0.24590	Spectrum Read#10
D	0.31290	0.30770	0.29750	0.29450	0.28970	0.28060	0.27120	0.26470	0.26390	0.24040	0.23270	0.22920	Spectrum Read#10
E	0.29310	0.28150	0.28540	0.27830	0.27870	0.26420	0.26310	0.25180	0.26460	0.23150	0.22880	0.22580	Spectrum Read#10
F	0.28540	0.28600	0.27890	0.27140	0.26670	0.25790	0.23670	0.24150	0.23600	0.23060	0.23260	0.21820	Spectrum Read#10
G	0.27980	0.27300	0.25900	0.25090	0.25430	0.24840	0.24010	0.23560	0.22790	0.21740	0.25210	0.21670	Spectrum Read#10
H	0.25720	0.26260	0.25550	0.25340	0.25430	0.24300	0.23110	0.22530	0.22450	0.21530	0.21280	0.21140	Spectrum Read#10

Spectrum
Wavelength 11 (500 nm)
	1	2	3	4	5	6	7	8	9	10	11	12
A	0.39490	0.39500	0.38450	0.35450	0.36900	0.36170	0.34250	0.33790	0.32690	0.31930	0.30400	0.29760	Spectrum Read#11
B	0.37840	0.37910	0.36630	0.36050	0.34570	0.33670	0.32970	0.31730	0.30630	0.29330	0.28320	0.27290	Spectrum Read#11
C	0.36490	0.35510	0.34820	0.33910	0.32690	0.31750	0.30800	0.29590	0.28360	0.27510	0.27310	0.25320	Spectrum Read#11
D	0.34740	0.33940	0.32560	0.32050	0.31300	0.30130	0.28850	0.27910	0.27600	0.24800	0.23780	0.23230	Spectrum Read#11
E	0.32130	0.30620	0.30900	0.29920	0.29790	0.27950	0.27610	0.26230	0.27840	0.23570	0.23140	0.22720	Spectrum Read#11
F	0.30960	0.30820	0.29850	0.28860	0.28110	0.26980	0.24450	0.24840	0.24060	0.23290	0.23350	0.21790	Spectrum Read#11
G	0.30060	0.29130	0.27350	0.26280	0.26510	0.25750	0.24620	0.23920	0.23020	0.21730	0.26010	0.21550	Spectrum Read#11
H	0.27210	0.27690	0.26740	0.26310	0.26460	0.24820	0.23420	0.22670	0.22530	0.21430	0.21130	0.20980	Spectrum Read#11

Spectrum
Wavelength 12 (510 nm)
	1	2	3	4	5	6	7	8	9	10	11	12
A	0.43210	0.43310	0.42150	0.38820	0.40350	0.39430	0.37240	0.36610	0.35240	0.34250	0.32450	0.31580	Spectrum Read#12
B	0.41710	0.41870	0.40380	0.39630	0.37830	0.36720	0.35790	0.34270	0.32890	0.31270	0.30060	0.28750	Spectrum Read#12
C	0.40340	0.39130	0.38210	0.37060	0.35590	0.34360	0.33180	0.31710	0.30190	0.29100	0.28760	0.26380	Spectrum Read#12
D	0.38190	0.37180	0.35490	0.34800	0.33820	0.32370	0.30830	0.29620	0.29080	0.25840	0.24620	0.23930	Spectrum Read#12
E	0.35080	0.33260	0.33490	0.32200	0.31970	0.29770	0.29200	0.27560	0.29470	0.24330	0.23760	0.23220	Spectrum Read#12
F	0.33530	0.33260	0.32060	0.30850	0.29840	0.28440	0.25530	0.25830	0.24820	0.23900	0.23860	0.22150	Spectrum Read#12
G	0.32380	0.31180	0.29060	0.27760	0.27880	0.26970	0.25570	0.24680	0.23580	0.22090	0.27090	0.21850	Spectrum Read#12
H	0.29000	0.29390	0.28240	0.27590	0.27760	0.25700	0.24090	0.23150	0.22950	0.21740	0.21370	0.21220	Spectrum Read#12

Spectrum
Wavelength 13 (520 nm)
	1	2	3	4	5	6	7	8	9	10	11	12
A	0.46420	0.46570	0.45390	0.41710	0.43370	0.42250	0.39860	0.39100	0.37580	0.36410	0.34410	0.33440	Spectrum Read#13
B	0.45120	0.45300	0.43660	0.42750	0.40730	0.39470	0.38370	0.36640	0.35080	0.33230	0.31810	0.30340	Spectrum Read#13
C	0.43730	0.42330	0.41230	0.39910	0.38220	0.36830	0.35490	0.33770	0.32070	0.30800	0.30340	0.27710	Spectrum Read#13
D	0.41280	0.40090	0.38170	0.37340	0.36220	0.34540	0.32810	0.31400	0.30680	0.27120	0.25780	0.24960	Spectrum Read#13
E	0.37720	0.35650	0.35820	0.34370	0.34040	0.31550	0.30880	0.29040	0.31160	0.25400	0.24720	0.24140	Spectrum Read#13
F	0.35900	0.35550	0.34160	0.32760	0.31620	0.30000	0.26800	0.27060	0.25900	0.24880	0.24720	0.22960	Spectrum Read#13
G	0.34550	0.33170	0.30780	0.29310	0.29370	0.28330	0.26690	0.25700	0.24450	0.22880	0.28390	0.22600	Spectrum Read#13
H	0.30700	0.31090	0.29760	0.29010	0.29200	0.26830	0.25040	0.24010	0.23760	0.22450	0.22090	0.21930	Spectrum Read#13

Spectrum
Wavelength 14 (530 nm)
	1	2	3	4	5	6	7	8	9	10	11	12
A	0.48560	0.48800	0.47570	0.43720	0.45460	0.44230	0.41680	0.40870	0.39230	0.37940	0.35780	0.34720	Spectrum Read#14
B	0.47480	0.47670	0.45940	0.44970	0.42770	0.41380	0.40190	0.38290	0.36620	0.34600	0.33110	0.31470	Spectrum Read#14
C	0.46120	0.44590	0.43370	0.41960	0.40120	0.38580	0.37120	0.35260	0.33440	0.32050	0.31520	0.28690	Spectrum Read#14
D	0.43470	0.42140	0.40090	0.39170	0.37920	0.36100	0.34250	0.32710	0.31920	0.28120	0.26670	0.25790	Spectrum Read#14
E	0.39630	0.37410	0.37560	0.35980	0.35580	0.32940	0.32160	0.30190	0.32400	0.26280	0.25570	0.24910	Spectrum Read#14
F	0.37610	0.37200	0.35720	0.34180	0.32990	0.31230	0.27800	0.28050	0.26810	0.25700	0.25530	0.23700	Spectrum Read#14
G	0.36110	0.34630	0.32070	0.30480	0.30530	0.29410	0.27680	0.26610	0.25290	0.23610	0.29410	0.23360	Spectrum Read#14
H	0.31980	0.32390	0.30960	0.30140	0.30350	0.27810	0.25920	0.24830	0.24580	0.23230	0.22850	0.22690	Spectrum Read#14

Spectrum
Wavelength 15 (540 nm)
	1	2	3	4	5	6	7	8	9	10	11	12
A	0.48380	0.48720	0.47680	0.43900	0.45660	0.44520	0.42020	0.41260	0.39630	0.38380	0.36240	0.35220	Spectrum Read#15
B	0.47510	0.47820	0.46170	0.45280	0.43150	0.41750	0.40590	0.38730	0.37060	0.35100	0.33590	0.31980	Spectrum Read#15
C	0.46370	0.44900	0.43720	0.42350	0.40550	0.39020	0.37590	0.35760	0.33960	0.32560	0.32010	0.29240	Spectrum Read#15
D	0.43830	0.42560	0.40560	0.39640	0.38430	0.36630	0.34790	0.33270	0.32460	0.28690	0.27220	0.26340	Spectrum Read#15
E	0.40140	0.37930	0.38100	0.36530	0.36170	0.33520	0.32750	0.30780	0.32930	0.26880	0.26170	0.25530	Spectrum Read#15
F	0.38170	0.37790	0.36320	0.34790	0.33590	0.31850	0.28380	0.28690	0.27450	0.26340	0.26200	0.24390	Spectrum Read#15
G	0.36720	0.35240	0.32680	0.31100	0.31180	0.30050	0.28340	0.27260	0.25970	0.24340	0.29970	0.24170	Spectrum Read#15
H	0.32570	0.33030	0.31610	0.30800	0.31000	0.28480	0.26620	0.25560	0.25310	0.24010	0.23660	0.23520	Spectrum Read#15

Spectrum
Wavelength 16 (550 nm)
	1	2	3	4	5	6	7	8	9	10	11	12
A	0.46550	0.47080	0.46340	0.42870	0.44740	0.43780	0.41600	0.41030	0.39620	0.38570	0.36640	0.35830	Spectrum Read#16
B	0.45900	0.46420	0.45030	0.44330	0.42510	0.41290	0.40320	0.38730	0.37270	0.35550	0.34240	0.32830	Spectrum Read#16
C	0.45090	0.43870	0.42880	0.41810	0.40180	0.38890	0.37680	0.36040	0.34460	0.33300	0.32910	0.30410	Spectrum Read#16
D	0.42940	0.41850	0.40160	0.39410	0.38420	0.36850	0.35220	0.33900	0.33290	0.29790	0.28470	0.27730	Spectrum Read#16
E	0.39720	0.37720	0.38010	0.36670	0.36470	0.34060	0.33460	0.31660	0.33580	0.28140	0.27580	0.27050	Spectrum Read#16
F	0.38030	0.37810	0.36530	0.35160	0.34210	0.32630	0.29350	0.29770	0.28720	0.27770	0.27750	0.26030	Spectrum Read#16
G	0.36790	0.35500	0.33190	0.31750	0.31960	0.30960	0.29430	0.28520	0.27370	0.25880	0.31100	0.25940	Spectrum Read#16
H	0.32950	0.33540	0.32270	0.31700	0.31840	0.29680	0.27900	0.26980	0.26870	0.25630	0.25370	0.25310	Spectrum Read#16

Spectrum
Wavelength 17 (560 nm)
	1	2	3	4	5	6	7	8	9	10	11	12
A	0.44080	0.44850	0.44410	0.41390	0.43340	0.42680	0.40880	0.40640	0.39560	0.38880	0.37320	0.36850	Spectrum Read#17
B	0.43700	0.44430	0.43340	0.42900	0.41500	0.40550	0.39900	0.38660	0.37600	0.36290	0.35320	0.34260	Spectrum Read#17
C	0.43230	0.42290	0.41580	0.40870	0.39610	0.38590	0.37790	0.36520	0.35320	0.34470	0.34430	0.32360	Spectrum Read#17
D	0.41490	0.40690	0.39350	0.38950	0.38310	0.37070	0.35830	0.34870	0.34610	0.31590	0.30580	0.30110	Spectrum Read#17
E	0.38750	0.37110	0.37630	0.36660	0.36730	0.34760	0.34500	0.33020	0.34690	0.30250	0.30000	0.29680	Spectrum Read#17
F	0.37370	0.37480	0.36570	0.35570	0.35000	0.33750	0.30870	0.31610	0.30850	0.30170	0.30430	0.28790	Spectrum Read#17
G	0.36430	0.35580	0.33730	0.32660	0.33150	0.32390	0.31260	0.30660	0.29780	0.28570	0.33030	0.28920	Spectrum Read#17
H	0.33160	0.34010	0.33120	0.32940	0.33160	0.31610	0.30080	0.29450	0.29540	0.28470	0.28340	0.28240	Spectrum Read#17

Spectrum
Wavelength 18 (570 nm)
	1	2	3	4	5	6	7	8	9	10	11	12
A	0.40390	0.41380	0.41220	0.38700	0.40660	0.40330	0.38990	0.39000	0.38360	0.38070	0.36880	0.36820	Spectrum Read#18
B	0.40250	0.41140	0.40380	0.40190	0.39210	0.38630	0.38310	0.37510	0.36820	0.35970	0.35410	0.34740	Spectrum Read#18
C	0.40140	0.39460	0.39040	0.38720	0.37840	0.37230	0.36810	0.35940	0.35180	0.34750	0.34990	0.33460	Spectrum Read#18
D	0.38770	0.38230	0.37400	0.37330	0.37070	0.36270	0.35500	0.34960	0.35100	0.32720	0.32000	0.31810	Spectrum Read#18
E	0.36590	0.35380	0.36160	0.35640	0.36020	0.34630	0.34730	0.33710	0.34880	0.31840	0.31890	0.31770	Spectrum Read#18
F	0.35560	0.36060	0.35630	0.35060	0.34970	0.34160	0.31850	0.32840	0.32510	0.32160	0.32700	0.31190	Spectrum Read#18
G	0.35020	0.34660	0.33490	0.32860	0.33670	0.33210	0.32600	0.32470	0.31880	0.31000	0.34130	0.31600	Spectrum Read#18
H	0.32440	0.33660	0.33270	0.33630	0.33950	0.33180	0.31960	0.31710	0.32020	0.31100	0.31110	0.31040	Spectrum Read#18

Spectrum
Wavelength 19 (580 nm)
	1	2	3	4	5	6	7	8	9	10	11	12
A	0.33730	0.34830	0.35150	0.33450	0.35450	0.35600	0.34980	0.35440	0.35320	0.35610	0.35010	0.35500	Spectrum Read#19
B	0.33840	0.34940	0.34770	0.35050	0.34850	0.34670	0.34860	0.34700	0.34590	0.34430	0.34380	0.34250	Spectrum Read#19
C	0.34230	0.34090	0.34200	0.34490	0.34200	0.34120	0.34280	0.34080	0.33910	0.34020	0.34660	0.33900	Spectrum Read#19
D	0.33740	0.33710	0.33580	0.33970	0.34310	0.34110	0.33980	0.33970	0.34640	0.33160	0.32870	0.33030	Spectrum Read#19
E	0.32660	0.32140	0.33160	0.33280	0.34030	0.33400	0.34010	0.33530	0.34030	0.32850	0.33270	0.33450	Spectrum Read#19
F	0.32360	0.33280	0.33400	0.33410	0.33900	0.33660	0.32110	0.33370	0.33520	0.33580	0.34470	0.33120	Spectrum Read#19
G	0.32420	0.32630	0.32250	0.32150	0.33280	0.33210	0.33240	0.33510	0.33340	0.32850	0.34530	0.33770	Spectrum Read#19
H	0.30910	0.32370	0.32470	0.33390	0.33760	0.33890	0.33100	0.33230	0.33810	0.33100	0.33220	0.33190	Spectrum Read#19

Spectrum
Wavelength 20 (590 nm)
	1	2	3	4	5	6	7	8	9	10	11	12
A	0.25190	0.26480	0.27530	0.26990	0.29100	0.30070	0.30580	0.31830	0.32620	0.33870	0.34220	0.35630	Spectrum Read#20
B	0.25480	0.26950	0.27690	0.28740	0.29690	0.30340	0.31390	0.32290	0.33120	0.34070	0.34920	0.35690	Spectrum Read#20
C	0.26620	0.27390	0.28310	0.29650	0.30240	0.31110	0.32260	0.33010	0.33860	0.34880	0.36260	0.36610	Spectrum Read#20
D	0.27560	0.28340	0.29340	0.30480	0.31720	0.32460	0.33330	0.34240	0.35750	0.35500	0.35920	0.36700	Spectrum Read#20
E	0.28350	0.28690	0.30150	0.31260	0.32580	0.33100	0.34420	0.34780	0.34640	0.35880	0.36870	0.37510	Spectrum Read#20
F	0.29160	0.30700	0.31600	0.32340	0.33710	0.34220	0.33660	0.35470	0.36350	0.36980	0.38440	0.37340	Spectrum Read#20
G	0.30170	0.31070	0.31670	0.32240	0.33860	0.34310	0.35190	0.36190	0.36530	0.36510	0.37070	0.38070	Spectrum Read#20
H	0.29960	0.31760	0.32400	0.34020	0.34430	0.35770	0.35470	0.36170	0.37160	0.36680	0.37050	0.37080	Spectrum Read#20

Spectrum
Wavelength 21 (600 nm)
	1	2	3	4	5	6	7	8	9	10	11	12
A	0.17960	0.19460	0.21190	0.21900	0.24440	0.26380	0.28250	0.30540	0.32520	0.35020	0.36520	0.39210	Spectrum Read#21
B	0.18340	0.20190	0.21900	0.23910	0.26180	0.27900	0.30160	0.32320	0.34430	0.36760	0.38840	0.40780	Spectrum Read#21
C	0.20110	0.21860	0.23840	0.26400	0.28130	0.30170	0.32530	0.34560	0.36640	0.38890	0.41420	0.43040	Spectrum Read#21
D	0.22480	0.24170	0.26460	0.28600	0.30950	0.32880	0.34960	0.37050	0.39680	0.40920	0.42250	0.43880	Spectrum Read#21
E	0.25000	0.26390	0.28540	0.30740	0.32920	0.34720	0.37050	0.38400	0.38100	0.41760	0.43620	0.44910	Spectrum Read#21
F	0.26990	0.29300	0.31120	0.32840	0.35240	0.36740	0.37290	0.39860	0.41690	0.43140	0.45410	0.44590	Spectrum Read#21
G	0.29000	0.30660	0.32390	0.33760	0.36100	0.37250	0.39140	0.40960	0.42040	0.42630	0.42950	0.45190	Spectrum Read#21
H	0.30050	0.32270	0.33640	0.36110	0.36680	0.39410	0.39710	0.41030	0.42660	0.42510	0.43270	0.43350	Spectrum Read#21

Spectrum
Wavelength 22 (610 nm)
	1	2	3	4	5	6	7	8	9	10	11	12
A	0.13160	0.14860	0.16900	0.18330	0.21000	0.23490	0.26010	0.28820	0.31420	0.34570	0.36710	0.39980	Spectrum Read#22
B	0.13650	0.15640	0.17830	0.20330	0.23170	0.25530	0.28360	0.31180	0.33920	0.36850	0.39630	0.42190	Spectrum Read#22
C	0.15670	0.17900	0.20400	0.23440	0.25790	0.28370	0.31360	0.34020	0.36670	0.39500	0.42600	0.44840	Spectrum Read#22
D	0.18660	0.20870	0.23690	0.26280	0.29110	0.31580	0.34150	0.36860	0.40020	0.42010	0.43820	0.45860	Spectrum Read#22
E	0.21910	0.23900	0.26310	0.28970	0.31460	0.33850	0.36660	0.38490	0.38310	0.42850	0.45130	0.46740	Spectrum Read#22
F	0.24560	0.27140	0.29360	0.31470	0.34250	0.36170	0.37310	0.40120	0.42360	0.44110	0.46730	0.46160	Spectrum Read#22
G	0.27000	0.29010	0.31130	0.32860	0.35410	0.36850	0.39110	0.41260	0.42590	0.43440	0.44180	0.46440	Spectrum Read#22
H	0.28770	0.31000	0.32550	0.35330	0.35870	0.39130	0.39650	0.41180	0.42970	0.43020	0.43980	0.44110	Spectrum Read#22

Spectrum
Wavelength 23 (620 nm)
	1	2	3	4	5	6	7	8	9	10	11	12
A	0.10570	0.12260	0.14080	0.15410	0.17570	0.19650	0.21550	0.23780	0.25820	0.28260	0.29850	0.32330	Spectrum Read#23
B	0.11280	0.13120	0.15020	0.17070	0.19340	0.21190	0.23360	0.25550	0.27600	0.29870	0.31930	0.33890	Spectrum Read#23
C	0.13250	0.15230	0.17290	0.19710	0.21560	0.23610	0.25830	0.27840	0.29830	0.32000	0.34290	0.35960	Spectrum Read#23
D	0.16110	0.17970	0.20210	0.22270	0.24430	0.26320	0.28270	0.30310	0.32750	0.34120	0.35460	0.36950	Spectrum Read#23
E	0.19190	0.20790	0.22660	0.24700	0.26590	0.28390	0.30560	0.31830	0.31280	0.35010	0.36660	0.37790	Spectrum Read#23
F	0.21680	0.23730	0.25410	0.26930	0.29090	0.30500	0.31150	0.33310	0.34940	0.36170	0.38110	0.37420	Spectrum Read#23
G	0.23960	0.25470	0.27000	0.28240	0.30170	0.31050	0.32770	0.34320	0.35160	0.35560	0.35770	0.37630	Spectrum Read#23
H	0.25630	0.27230	0.28290	0.30350	0.30330	0.33040	0.33240	0.34230	0.35380	0.35230	0.35860	0.35940	Spectrum Read#23

Spectrum
Wavelength 24 (630 nm)
	1	2	3	4	5	6	7	8	9	10	11	12
A	0.09300	0.10860	0.12410	0.13460	0.15320	0.16920	0.18390	0.20060	0.21570	0.23420	0.24530	0.26400	Spectrum Read#24
B	0.10190	0.11840	0.13470	0.15100	0.16940	0.18290	0.19940	0.21560	0.23100	0.24720	0.26220	0.27580	Spectrum Read#24
C	0.12160	0.13910	0.15580	0.17500	0.18870	0.20400	0.22020	0.23470	0.24900	0.26440	0.28060	0.29220	Spectrum Read#24
D	0.15000	0.16580	0.18310	0.19830	0.21440	0.22800	0.24170	0.25580	0.27420	0.28180	0.28990	0.30070	Spectrum Read#24
E	0.18000	0.19200	0.20570	0.22010	0.23420	0.24580	0.26110	0.26910	0.26180	0.28910	0.30080	0.30840	Spectrum Read#24
F	0.20430	0.21960	0.23030	0.24020	0.25510	0.26350	0.26500	0.28150	0.29160	0.29930	0.31360	0.30570	Spectrum Read#24
G	0.22590	0.23510	0.24390	0.25090	0.26430	0.26790	0.28000	0.28970	0.29350	0.29400	0.29390	0.30830	Spectrum Read#24
H	0.24000	0.25030	0.25540	0.26900	0.26430	0.28400	0.28290	0.28840	0.29470	0.29180	0.29560	0.29630	Spectrum Read#24

Spectrum
Wavelength 25 (640 nm)
	1	2	3	4	5	6	7	8	9	10	11	12
A	0.08580	0.09910	0.11480	0.12600	0.14310	0.15880	0.17240	0.18810	0.20180	0.21880	0.22880	0.24550	Spectrum Read#25
B	0.09440	0.11100	0.12810	0.14400	0.16210	0.17450	0.19000	0.20480	0.21860	0.23380	0.24660	0.25860	Spectrum Read#25
C	0.11630	0.13540	0.15220	0.17050	0.18350	0.19770	0.21240	0.22540	0.23810	0.25160	0.26580	0.27550	Spectrum Read#25
D	0.15020	0.16620	0.18330	0.19710	0.21180	0.22340	0.23550	0.24730	0.26330	0.26820	0.27470	0.28330	Spectrum Read#25
E	0.18700	0.19720	0.20940	0.22180	0.23380	0.24290	0.25570	0.26090	0.25200	0.27570	0.28480	0.29040	Spectrum Read#25
F	0.21510	0.22780	0.23640	0.24320	0.25500	0.26090	0.25820	0.27270	0.28030	0.28510	0.29720	0.28760	Spectrum Read#25
G	0.23910	0.24510	0.25010	0.25340	0.26410	0.26450	0.27310	0.27970	0.28100	0.27840	0.28050	0.28910	Spectrum Read#25
H	0.25380	0.26040	0.26130	0.27120	0.26310	0.27940	0.27480	0.27710	0.28080	0.27600	0.27830	0.27870	Spectrum Read#25

Spectrum
Wavelength 26 (650 nm)
	1	2	3	4	5	6	7	8	9	10	11	12
A	0.07660	0.08970	0.10740	0.12250	0.14280	0.16180	0.17980	0.19910	0.21660	0.23760	0.25100	0.27120	Spectrum Read#26
B	0.08440	0.10290	0.12410	0.14500	0.16750	0.18410	0.20400	0.22240	0.24030	0.25920	0.27550	0.29080	Spectrum Read#26
C	0.11110	0.13600	0.15760	0.18040	0.19710	0.21500	0.23360	0.25030	0.26590	0.28270	0.30080	0.31240	Spectrum Read#26
D	0.15760	0.17790	0.19910	0.21610	0.23390	0.24800	0.26310	0.27740	0.29620	0.30230	0.31020	0.32070	Spectrum Read#26
E	0.20720	0.21990	0.23380	0.24840	0.26240	0.27270	0.28720	0.29360	0.28410	0.30990	0.32060	0.32690	Spectrum Read#26
F	0.24510	0.25880	0.26770	0.27510	0.28810	0.29390	0.28970	0.30630	0.31410	0.31930	0.33210	0.32130	Spectrum Read#26
G	0.27630	0.28110	0.28470	0.28740	0.29830	0.29760	0.30630	0.31260	0.31330	0.30860	0.31850	0.32030	Spectrum Read#26
H	0.29400	0.29940	0.29810	0.30700	0.29660	0.31280	0.30640	0.30720	0.31140	0.30430	0.30570	0.30640	Spectrum Read#26

Spectrum
Wavelength 27 (660 nm)
	1	2	3	4	5	6	7	8	9	10	11	12
A	0.06410	0.07670	0.09450	0.11250	0.13410	0.15580	0.17640	0.19850	0.21890	0.24290	0.25910	0.28190	Spectrum Read#27
B	0.06990	0.08830	0.11220	0.13560	0.16070	0.18070	0.20360	0.22500	0.24590	0.26770	0.28760	0.30600	Spectrum Read#27
C	0.09780	0.12530	0.15000	0.17510	0.19480	0.21600	0.23740	0.25700	0.27530	0.29550	0.31650	0.33020	Spectrum Read#27
D	0.14880	0.17190	0.19550	0.21520	0.23540	0.25250	0.26950	0.28700	0.30880	0.31760	0.32780	0.34020	Spectrum Read#27
E	0.20220	0.21760	0.23340	0.25020	0.26640	0.27900	0.29650	0.30520	0.29560	0.32580	0.33820	0.34600	Spectrum Read#27
F	0.24320	0.25860	0.26940	0.27910	0.29410	0.30230	0.30000	0.31810	0.32810	0.33480	0.34910	0.33830	Spectrum Read#27
G	0.27610	0.28230	0.28780	0.29260	0.30580	0.30610	0.31660	0.32460	0.32680	0.32250	0.33520	0.33570	Spectrum Read#27
H	0.29470	0.30170	0.30200	0.31280	0.30320	0.32200	0.31640	0.31850	0.32350	0.31680	0.31860	0.31940	Spectrum Read#27

Spectrum
Wavelength 28 (670 nm)
	1	2	3	4	5	6	7	8	9	10	11	12
A	0.05280	0.06280	0.07620	0.09070	0.10750	0.12520	0.14120	0.15890	0.17470	0.19410	0.20690	0.22490	Spectrum Read#28
B	0.05650	0.07040	0.08880	0.10750	0.12670	0.14320	0.16110	0.17810	0.19490	0.21180	0.22780	0.24250	Spectrum Read#28
C	0.07690	0.09820	0.11830	0.13750	0.15330	0.17050	0.18710	0.20260	0.21710	0.23310	0.24960	0.26140	Spectrum Read#28
D	0.11560	0.13410	0.15230	0.16800	0.18410	0.19790	0.21160	0.22600	0.24380	0.25170	0.26010	0.27020	Spectrum Read#28
E	0.15470	0.16830	0.18110	0.19490	0.20780	0.21880	0.23360	0.24120	0.23230	0.25950	0.26940	0.27590	Spectrum Read#28
F	0.18560	0.19890	0.20850	0.21740	0.22980	0.23780	0.23810	0.25260	0.26130	0.26750	0.27960	0.27100	Spectrum Read#28
G	0.21040	0.21750	0.22340	0.22910	0.24030	0.24170	0.25190	0.25920	0.26130	0.26010	0.26440	0.27040	Spectrum Read#28
H	0.22690	0.23290	0.23530	0.24590	0.23890	0.25600	0.25320	0.25640	0.26060	0.25620	0.25810	0.25890	Spectrum Read#28

Spectrum
Wavelength 29 (680 nm)
	1	2	3	4	5	6	7	8	9	10	11	12
A	0.04550	0.05200	0.05930	0.06850	0.07870	0.09010	0.09920	0.10980	0.11990	0.13260	0.14000	0.15090	Spectrum Read#29
B	0.04770	0.05580	0.06700	0.07770	0.08960	0.09950	0.11030	0.12090	0.13100	0.14170	0.15150	0.16070	Spectrum Read#29
C	0.05970	0.07210	0.08400	0.09540	0.10520	0.11620	0.12550	0.13550	0.14440	0.15400	0.16380	0.17190	Spectrum Read#29
D	0.08200	0.09310	0.10380	0.11350	0.12290	0.13200	0.14010	0.14940	0.16190	0.16640	0.17170	0.17820	Spectrum Read#29
E	0.10420	0.11310	0.12080	0.12920	0.13710	0.14470	0.15450	0.15940	0.15290	0.17180	0.17850	0.18260	Spectrum Read#29
F	0.12320	0.13120	0.13760	0.14360	0.15120	0.15720	0.15830	0.16730	0.17320	0.17760	0.18690	0.18130	Spectrum Read#29
G	0.13810	0.14370	0.14770	0.15190	0.15910	0.16010	0.16760	0.17270	0.17480	0.17520	0.17290	0.18180	Spectrum Read#29
H	0.15100	0.15420	0.15620	0.16370	0.15790	0.17070	0.17030	0.17270	0.17540	0.17370	0.17550	0.17680	Spectrum Read#29

Spectrum
Wavelength 30 (690 nm)
	1	2	3	4	5	6	7	8	9	10	11	12
A	0.04130	0.04490	0.04840	0.05300	0.05840	0.06550	0.07010	0.07600	0.08160	0.08980	0.09330	0.09970	Spectrum Read#30
B	0.04260	0.04650	0.05240	0.05800	0.06420	0.07010	0.07590	0.08230	0.08810	0.09420	0.10000	0.10570	Spectrum Read#30
C	0.04850	0.05500	0.06120	0.06740	0.07310	0.07970	0.08420	0.09050	0.09530	0.10130	0.10680	0.11230	Spectrum Read#30
D	0.05940	0.06570	0.07140	0.07660	0.08220	0.08760	0.09220	0.09790	0.10660	0.10880	0.11240	0.11650	Spectrum Read#30
E	0.07030	0.07570	0.08020	0.08490	0.08950	0.09470	0.10120	0.10390	0.09990	0.11260	0.11690	0.11950	Spectrum Read#30
F	0.08060	0.08550	0.08930	0.09330	0.09770	0.10220	0.10380	0.10920	0.11330	0.11630	0.12400	0.12020	Spectrum Read#30
G	0.08860	0.09290	0.09570	0.09880	0.10360	0.10440	0.11000	0.11340	0.11510	0.11670	0.11170	0.12150	Spectrum Read#30
H	0.09800	0.09940	0.10150	0.10670	0.10290	0.11180	0.11250	0.11480	0.11710	0.11680	0.11870	0.12030	Spectrum Read#30

Spectrum
Wavelength 31 (700 nm)
	1	2	3	4	5	6	7	8	9	10	11	12
A	0.03940	0.04170	0.04290	0.04520	0.04790	0.05220	0.05400	0.05680	0.06000	0.06500	0.06610	0.06940	Spectrum Read#31
B	0.04030	0.04200	0.04480	0.04760	0.05110	0.05420	0.05700	0.06010	0.06360	0.06700	0.07000	0.07310	Spectrum Read#31
C	0.04340	0.04620	0.04940	0.05270	0.05560	0.05980	0.06160	0.06520	0.06770	0.07090	0.07350	0.07730	Spectrum Read#31
D	0.04840	0.05170	0.05440	0.05740	0.06020	0.06350	0.06600	0.06940	0.07570	0.07600	0.07800	0.08050	Spectrum Read#31
E	0.05320	0.05660	0.05910	0.06190	0.06400	0.06760	0.07200	0.07340	0.07000	0.07910	0.08160	0.08340	Spectrum Read#31
F	0.05880	0.06170	0.06420	0.06660	0.06900	0.07250	0.07400	0.07720	0.07990	0.08200	0.08790	0.08510	Spectrum Read#31
G	0.06280	0.06610	0.06820	0.07050	0.07360	0.07450	0.07830	0.08070	0.08190	0.08380	0.07680	0.08680	Spectrum Read#31
H	0.07030	0.07060	0.07240	0.07600	0.07370	0.07960	0.08100	0.08310	0.08450	0.08480	0.08640	0.08810	Spectrum Read#31

