Spectrum
Wavelength 1 (400 nm)
	1	2	3	4	5	6	7	8	9	10	11	12
A	0.27000	0.27270	0.27080	0.25710	0.27140	0.27390	0.26790	0.27190	0.27180	0.27430	0.27090	0.27410	Spectrum Read#1
B	0.26560	0.26990	0.26780	0.27720	0.26900	0.26930	0.27170	0.27170	0.27100	0.27060	0.27080	0.26990	Spectrum Read#1
C	0.26550	0.26560	0.28750	0.27050	0.26900	0.27060	0.27120	0.27060	0.26940	0.27080	0.27610	0.26940	Spectrum Read#1
D	0.26540	0.26710	0.26630	0.27000	0.27230	0.27140	0.26950	0.27060	0.27670	0.26350	0.26120	0.26160	Spectrum Read#1
E	0.26100	0.25780	0.26480	0.26610	0.27150	0.26680	0.27240	0.26770	0.27230	0.26090	0.26330	0.26260	Spectrum Read#1
F	0.26340	0.27070	0.26920	0.26910	0.27110	0.26690	0.25680	0.26600	0.26470	0.26490	0.27020	0.25670	Spectrum Read#1
G	0.26550	0.26620	0.26030	0.25940	0.26740	0.26570	0.26470	0.26600	0.26190	0.25550	0.27640	0.25580	Spectrum Read#1
H	0.25350	0.26400	0.26190	0.26730	0.26810	0.26810	0.26020	0.25880	0.26120	0.25310	0.25160	0.25400	Spectrum Read#1

Spectrum
Wavelength 2 (410 nm)
	1	2	3	4	5	6	7	8	9	10	11	12
A	0.26000	0.26190	0.26050	0.24810	0.26260	0.26610	0.26180	0.26690	0.26770	0.27170	0.26960	0.27400	Spectrum Read#2
B	0.25240	0.25720	0.25600	0.26650	0.26030	0.26150	0.26500	0.26630	0.26690	0.26820	0.26950	0.27010	Spectrum Read#2
C	0.25200	0.25340	0.27640	0.26150	0.26100	0.26410	0.26600	0.26670	0.26730	0.26980	0.27590	0.27090	Spectrum Read#2
D	0.25450	0.25720	0.25820	0.26300	0.26640	0.26690	0.26630	0.26860	0.27570	0.26460	0.26290	0.26460	Spectrum Read#2
E	0.25290	0.25100	0.25880	0.26120	0.26740	0.26420	0.27080	0.26730	0.27080	0.26280	0.26620	0.26600	Spectrum Read#2
F	0.25710	0.26530	0.26500	0.26590	0.26880	0.26580	0.25690	0.26670	0.26640	0.26770	0.27340	0.26070	Spectrum Read#2
G	0.26110	0.26260	0.25830	0.25790	0.26650	0.26570	0.26570	0.26790	0.26430	0.25910	0.27760	0.26010	Spectrum Read#2
H	0.25130	0.26190	0.26070	0.26690	0.26760	0.26930	0.26220	0.26140	0.26390	0.25660	0.25530	0.25780	Spectrum Read#2

Spectrum
Wavelength 3 (420 nm)
	1	2	3	4	5	6	7	8	9	10	11	12
A	0.24890	0.25160	0.25080	0.24010	0.25510	0.26010	0.25720	0.26310	0.26540	0.27090	0.26980	0.27530	Spectrum Read#3
B	0.24030	0.24570	0.24610	0.25790	0.25320	0.25580	0.26050	0.26320	0.26530	0.26790	0.27030	0.27220	Spectrum Read#3
C	0.24070	0.24400	0.26810	0.25490	0.25580	0.26010	0.26330	0.26530	0.26690	0.27060	0.27780	0.27380	Spectrum Read#3
D	0.24620	0.25070	0.25310	0.25890	0.26360	0.26540	0.26590	0.26910	0.27750	0.26770	0.26700	0.26910	Spectrum Read#3
E	0.24880	0.24800	0.25650	0.25980	0.26690	0.26510	0.27240	0.26970	0.27220	0.26720	0.27110	0.27130	Spectrum Read#3
F	0.25550	0.26450	0.26510	0.26660	0.27060	0.26810	0.26020	0.27050	0.27110	0.27270	0.27900	0.26610	Spectrum Read#3
G	0.26170	0.26390	0.26030	0.26060	0.26960	0.26900	0.26970	0.27260	0.26930	0.26430	0.28110	0.26580	Spectrum Read#3
H	0.25430	0.26500	0.26370	0.27060	0.27040	0.27390	0.26700	0.26620	0.26910	0.26170	0.26070	0.26320	Spectrum Read#3

Spectrum
Wavelength 4 (430 nm)
	1	2	3	4	5	6	7	8	9	10	11	12
A	0.24440	0.24690	0.24580	0.23530	0.25000	0.25530	0.25230	0.25790	0.26010	0.26580	0.26450	0.27000	Spectrum Read#4
B	0.23430	0.23910	0.23980	0.25150	0.24660	0.24930	0.25390	0.25690	0.25890	0.26140	0.26390	0.26570	Spectrum Read#4
C	0.23400	0.23750	0.26110	0.24810	0.24920	0.25340	0.25660	0.25850	0.26020	0.26400	0.27110	0.26750	Spectrum Read#4
D	0.23920	0.24380	0.24610	0.25190	0.25660	0.25840	0.25900	0.26250	0.27070	0.26140	0.26100	0.26300	Spectrum Read#4
E	0.24170	0.24140	0.24950	0.25310	0.26010	0.25820	0.26580	0.26330	0.26520	0.26130	0.26520	0.26560	Spectrum Read#4
F	0.24830	0.25730	0.25820	0.25980	0.26390	0.26150	0.25450	0.26440	0.26510	0.26680	0.27310	0.26100	Spectrum Read#4
G	0.25460	0.25710	0.25390	0.25450	0.26340	0.26270	0.26390	0.26700	0.26380	0.25920	0.27400	0.26080	Spectrum Read#4
H	0.24830	0.25870	0.25750	0.26430	0.26400	0.26810	0.26150	0.26110	0.26370	0.25680	0.25620	0.25870	Spectrum Read#4

Spectrum
Wavelength 5 (440 nm)
	1	2	3	4	5	6	7	8	9	10	11	12
A	0.24530	0.24660	0.24370	0.23180	0.24520	0.24900	0.24450	0.24880	0.24990	0.25390	0.25160	0.25550	Spectrum Read#5
B	0.23270	0.23610	0.23530	0.24540	0.23890	0.24090	0.24390	0.24540	0.24610	0.24720	0.24870	0.24930	Spectrum Read#5
C	0.23010	0.23200	0.25420	0.23980	0.23960	0.24240	0.24420	0.24510	0.24550	0.24800	0.25350	0.24930	Spectrum Read#5
D	0.23310	0.23670	0.23760	0.24200	0.24520	0.24580	0.24520	0.24730	0.25430	0.24420	0.24280	0.24440	Spectrum Read#5
E	0.23340	0.23210	0.23930	0.24140	0.24720	0.24450	0.25050	0.24720	0.24930	0.24360	0.24670	0.24660	Spectrum Read#5
F	0.23880	0.24630	0.24600	0.24680	0.24970	0.24670	0.23880	0.24760	0.24780	0.24870	0.25430	0.24230	Spectrum Read#5
G	0.24350	0.24520	0.24120	0.24090	0.24880	0.24740	0.24780	0.24970	0.24630	0.24170	0.25580	0.24280	Spectrum Read#5
H	0.23680	0.24600	0.24440	0.24980	0.24920	0.25200	0.24530	0.24410	0.24630	0.23990	0.23890	0.24150	Spectrum Read#5

Spectrum
Wavelength 6 (450 nm)
	1	2	3	4	5	6	7	8	9	10	11	12
A	0.25270	0.25250	0.24760	0.23400	0.24660	0.24940	0.24300	0.24620	0.24590	0.24890	0.24520	0.24790	Spectrum Read#6
B	0.23710	0.23920	0.23680	0.24580	0.23790	0.23840	0.24040	0.24070	0.24050	0.23990	0.24050	0.24010	Spectrum Read#6
C	0.23170	0.23230	0.25310	0.23750	0.23660	0.23820	0.23890	0.23870	0.23790	0.23920	0.24350	0.23860	Spectrum Read#6
D	0.23310	0.23520	0.23470	0.23820	0.24030	0.23990	0.23810	0.23930	0.24530	0.23400	0.23190	0.23270	Spectrum Read#6
E	0.23090	0.22870	0.23490	0.23630	0.24100	0.23700	0.24200	0.23800	0.24050	0.23260	0.23480	0.23460	Spectrum Read#6
F	0.23480	0.24140	0.24050	0.24030	0.24210	0.23820	0.22960	0.23750	0.23690	0.23710	0.24210	0.23050	Spectrum Read#6
G	0.23860	0.23950	0.23430	0.23310	0.24030	0.23820	0.23770	0.23880	0.23480	0.23020	0.24450	0.23100	Spectrum Read#6
H	0.23090	0.23900	0.23660	0.24130	0.24070	0.24180	0.23480	0.23330	0.23490	0.22840	0.22760	0.23010	Spectrum Read#6

Spectrum
Wavelength 7 (460 nm)
	1	2	3	4	5	6	7	8	9	10	11	12
A	0.26590	0.26500	0.25890	0.24340	0.25570	0.25730	0.24960	0.25200	0.25030	0.25220	0.24730	0.24870	Spectrum Read#7
B	0.24830	0.24950	0.24600	0.25420	0.24480	0.24440	0.24540	0.24450	0.24310	0.24130	0.24060	0.23920	Spectrum Read#7
C	0.24110	0.24070	0.26030	0.24360	0.24130	0.24210	0.24140	0.24010	0.23820	0.23850	0.24210	0.23570	Spectrum Read#7
D	0.24050	0.24180	0.23980	0.24240	0.24340	0.24160	0.23880	0.23900	0.24410	0.23120	0.22840	0.22860	Spectrum Read#7
E	0.23610	0.23280	0.23860	0.23850	0.24260	0.23720	0.24150	0.23670	0.23990	0.22880	0.23060	0.22960	Spectrum Read#7
F	0.23860	0.24430	0.24240	0.24150	0.24200	0.23730	0.22760	0.23490	0.23350	0.23280	0.23720	0.22530	Spectrum Read#7
G	0.24130	0.24120	0.23480	0.23280	0.23930	0.23650	0.23500	0.23540	0.23080	0.22520	0.24180	0.22540	Spectrum Read#7
H	0.23200	0.23950	0.23640	0.24010	0.23950	0.23890	0.23100	0.22900	0.23040	0.22350	0.22230	0.22480	Spectrum Read#7

Spectrum
Wavelength 8 (470 nm)
	1	2	3	4	5	6	7	8	9	10	11	12
A	0.28640	0.28560	0.27820	0.26050	0.27260	0.27310	0.26320	0.26440	0.26140	0.26180	0.25510	0.25540	Spectrum Read#8
B	0.26790	0.26850	0.26370	0.27050	0.25930	0.25780	0.25730	0.25440	0.25150	0.24800	0.24610	0.24340	Spectrum Read#8
C	0.25900	0.25700	0.27480	0.25700	0.25290	0.25240	0.25020	0.24740	0.24400	0.24280	0.24540	0.23700	Spectrum Read#8
D	0.25540	0.25560	0.25160	0.25300	0.25270	0.24960	0.24500	0.24350	0.24750	0.23260	0.22860	0.22790	Spectrum Read#8
E	0.24790	0.24280	0.24800	0.24660	0.25000	0.24260	0.24550	0.23920	0.24430	0.22860	0.22940	0.22790	Spectrum Read#8
F	0.24820	0.25300	0.24990	0.24740	0.24660	0.24080	0.22900	0.23600	0.23300	0.23150	0.23520	0.22260	Spectrum Read#8
G	0.24880	0.24750	0.23960	0.23650	0.24210	0.23860	0.23590	0.23460	0.22920	0.22300	0.24280	0.22210	Spectrum Read#8
H	0.23740	0.24410	0.23980	0.24240	0.24190	0.23920	0.23040	0.22750	0.22840	0.22060	0.21910	0.22160	Spectrum Read#8

Spectrum
Wavelength 9 (480 nm)
	1	2	3	4	5	6	7	8	9	10	11	12
A	0.31550	0.31480	0.30630	0.28480	0.29740	0.29550	0.28330	0.28250	0.27710	0.27500	0.26600	0.26410	Spectrum Read#9
B	0.29700	0.29720	0.28990	0.29470	0.28040	0.27710	0.27430	0.26870	0.26350	0.25720	0.25280	0.24790	Spectrum Read#9
C	0.28580	0.28140	0.29660	0.27640	0.27040	0.26740	0.26280	0.25720	0.25130	0.24810	0.24910	0.23760	Spectrum Read#9
D	0.27810	0.27610	0.26890	0.26860	0.26590	0.26050	0.25340	0.24980	0.25160	0.23270	0.22730	0.22520	Spectrum Read#9
E	0.26500	0.25730	0.26170	0.25790	0.25980	0.24960	0.25050	0.24220	0.24980	0.22710	0.22650	0.22370	Spectrum Read#9
F	0.26170	0.26510	0.25990	0.25570	0.25270	0.24480	0.23000	0.23570	0.23130	0.22850	0.23100	0.21740	Spectrum Read#9
G	0.25980	0.25650	0.24560	0.24090	0.24530	0.24070	0.23540	0.23280	0.22600	0.21800	0.24390	0.21610	Spectrum Read#9
H	0.24360	0.24960	0.24410	0.24480	0.24470	0.23810	0.22800	0.22370	0.22380	0.21500	0.21320	0.21540	Spectrum Read#9

Spectrum
Wavelength 10 (490 nm)
	1	2	3	4	5	6	7	8	9	10	11	12
A	0.35490	0.35480	0.34490	0.31890	0.33210	0.32750	0.31180	0.30900	0.30070	0.29560	0.28370	0.27940	Spectrum Read#10
B	0.33660	0.33650	0.32630	0.32900	0.31120	0.30500	0.29980	0.29110	0.28270	0.27290	0.26590	0.25810	Spectrum Read#10
C	0.32300	0.31600	0.32850	0.30520	0.29600	0.29030	0.28290	0.27420	0.26490	0.25920	0.25830	0.24260	Spectrum Read#10
D	0.31000	0.30520	0.29470	0.29240	0.28670	0.27840	0.26830	0.26190	0.26110	0.23810	0.23050	0.22640	Spectrum Read#10
E	0.29040	0.27950	0.28310	0.27580	0.27620	0.26240	0.26120	0.25020	0.26160	0.22930	0.22700	0.22320	Spectrum Read#10
F	0.28300	0.28450	0.27710	0.26980	0.26470	0.25420	0.23560	0.24030	0.23340	0.22900	0.22980	0.21520	Spectrum Read#10
G	0.27760	0.27170	0.25740	0.25020	0.25370	0.24720	0.23920	0.23440	0.22580	0.21570	0.24920	0.21290	Spectrum Read#10
H	0.25570	0.26130	0.25310	0.25170	0.25240	0.24090	0.22900	0.22330	0.22210	0.21240	0.20960	0.21180	Spectrum Read#10

Spectrum
Wavelength 11 (500 nm)
	1	2	3	4	5	6	7	8	9	10	11	12
A	0.39500	0.39500	0.38430	0.35460	0.36820	0.36110	0.34220	0.33740	0.32620	0.31850	0.30340	0.29660	Spectrum Read#11
B	0.37730	0.37730	0.36490	0.36530	0.34400	0.33530	0.32750	0.31560	0.30420	0.29100	0.28130	0.27050	Spectrum Read#11
C	0.36230	0.35250	0.36220	0.33660	0.32430	0.31540	0.30520	0.29330	0.28120	0.27250	0.27000	0.25040	Spectrum Read#11
D	0.34460	0.33720	0.32350	0.31850	0.31030	0.29890	0.28550	0.27650	0.27310	0.24540	0.23570	0.23000	Spectrum Read#11
E	0.31890	0.30440	0.30710	0.29720	0.29580	0.27810	0.27460	0.26080	0.27530	0.23380	0.22970	0.22450	Spectrum Read#11
F	0.30710	0.30710	0.29700	0.28730	0.27950	0.26610	0.24380	0.24740	0.23810	0.23150	0.23100	0.21520	Spectrum Read#11
G	0.29880	0.29030	0.27190	0.26260	0.26480	0.25670	0.24530	0.23860	0.22820	0.21600	0.25710	0.21180	Spectrum Read#11
H	0.27090	0.27580	0.26530	0.26190	0.26290	0.24660	0.23200	0.22490	0.22280	0.21170	0.20820	0.21040	Spectrum Read#11

Spectrum
Wavelength 12 (510 nm)
	1	2	3	4	5	6	7	8	9	10	11	12
A	0.43170	0.43280	0.42140	0.38810	0.40260	0.39330	0.37130	0.36500	0.35150	0.34120	0.32380	0.31470	Spectrum Read#12
B	0.41580	0.41640	0.40170	0.40040	0.37640	0.36520	0.35540	0.34040	0.32650	0.31020	0.29810	0.28490	Spectrum Read#12
C	0.40010	0.38810	0.39550	0.36760	0.35260	0.34110	0.32880	0.31360	0.29900	0.28790	0.28410	0.26070	Spectrum Read#12
D	0.37870	0.36900	0.35200	0.34530	0.33480	0.32090	0.30460	0.29300	0.28740	0.25510	0.24360	0.23610	Spectrum Read#12
E	0.34770	0.33040	0.33200	0.31940	0.31680	0.29550	0.29000	0.27370	0.29090	0.24100	0.23560	0.22920	Spectrum Read#12
F	0.33230	0.33080	0.31840	0.30660	0.29600	0.28020	0.25400	0.25670	0.24550	0.23710	0.23530	0.21840	Spectrum Read#12
G	0.32150	0.31050	0.28850	0.27700	0.27800	0.26860	0.25410	0.24540	0.23320	0.21900	0.26750	0.21390	Spectrum Read#12
H	0.28800	0.29250	0.28000	0.27420	0.27530	0.25490	0.23870	0.22910	0.22690	0.21420	0.21020	0.21220	Spectrum Read#12

Spectrum
Wavelength 13 (520 nm)
	1	2	3	4	5	6	7	8	9	10	11	12
A	0.46390	0.46520	0.45340	0.41710	0.43230	0.42170	0.39750	0.39030	0.37490	0.36290	0.34320	0.33290	Spectrum Read#13
B	0.44950	0.45070	0.43450	0.43160	0.40530	0.39260	0.38110	0.36430	0.34810	0.32980	0.31570	0.30070	Spectrum Read#13
C	0.43380	0.41980	0.42580	0.39590	0.37870	0.36570	0.35150	0.33450	0.31740	0.30450	0.29970	0.27360	Spectrum Read#13
D	0.40920	0.39810	0.37870	0.37050	0.35820	0.34230	0.32390	0.31070	0.30330	0.26790	0.25460	0.24630	Spectrum Read#13
E	0.37430	0.35430	0.35530	0.34100	0.33750	0.31350	0.30670	0.28830	0.30800	0.25110	0.24510	0.23790	Spectrum Read#13
F	0.35620	0.35350	0.33940	0.32570	0.31370	0.29570	0.26640	0.26880	0.25590	0.24650	0.24390	0.22580	Spectrum Read#13
G	0.34290	0.33040	0.30560	0.29250	0.29280	0.28190	0.26580	0.25570	0.24220	0.22640	0.28050	0.22120	Spectrum Read#13
H	0.30540	0.30950	0.29520	0.28810	0.28950	0.26610	0.24810	0.23780	0.23460	0.22110	0.21700	0.21900	Spectrum Read#13

Spectrum
Wavelength 14 (530 nm)
	1	2	3	4	5	6	7	8	9	10	11	12
A	0.48530	0.48730	0.47530	0.43690	0.45260	0.44110	0.41570	0.40730	0.39100	0.37780	0.35700	0.34560	Spectrum Read#14
B	0.47300	0.47440	0.45740	0.45350	0.42570	0.41180	0.39900	0.38050	0.36350	0.34370	0.32850	0.31200	Spectrum Read#14
C	0.45770	0.44250	0.44640	0.41600	0.39760	0.38310	0.36770	0.34910	0.33090	0.31690	0.31110	0.28330	Spectrum Read#14
D	0.43070	0.41860	0.39760	0.38880	0.37540	0.35780	0.33830	0.32370	0.31540	0.27780	0.26360	0.25430	Spectrum Read#14
E	0.39310	0.37140	0.37270	0.35680	0.35300	0.32720	0.31920	0.29960	0.32010	0.26010	0.25310	0.24570	Spectrum Read#14
F	0.37300	0.36990	0.35510	0.34010	0.32710	0.30780	0.27650	0.27860	0.26490	0.25490	0.25190	0.23330	Spectrum Read#14
G	0.35850	0.34500	0.31850	0.30430	0.30480	0.29280	0.27540	0.26470	0.25060	0.23400	0.29010	0.22880	Spectrum Read#14
H	0.31780	0.32240	0.30740	0.29950	0.30090	0.27570	0.25690	0.24590	0.24250	0.22900	0.22460	0.22630	Spectrum Read#14

Spectrum
Wavelength 15 (540 nm)
	1	2	3	4	5	6	7	8	9	10	11	12
A	0.48380	0.48730	0.47660	0.43880	0.45530	0.44420	0.41920	0.41170	0.39520	0.38250	0.36180	0.35110	Spectrum Read#15
B	0.47340	0.47630	0.45990	0.45670	0.42970	0.41590	0.40340	0.38530	0.36840	0.34890	0.33340	0.31730	Spectrum Read#15
C	0.46060	0.44580	0.45050	0.42050	0.40240	0.38790	0.37290	0.35460	0.33660	0.32250	0.31680	0.28930	Spectrum Read#15
D	0.43490	0.42320	0.40270	0.39410	0.38100	0.36360	0.34440	0.32970	0.32160	0.28380	0.26970	0.26040	Spectrum Read#15
E	0.39860	0.37720	0.37840	0.36280	0.35900	0.33330	0.32560	0.30620	0.32590	0.26650	0.26000	0.25240	Spectrum Read#15
F	0.37910	0.37620	0.36120	0.34640	0.33360	0.31440	0.28300	0.28550	0.27170	0.26180	0.25890	0.24050	Spectrum Read#15
G	0.36470	0.35140	0.32500	0.31090	0.31150	0.29950	0.28250	0.27180	0.25770	0.24140	0.29610	0.23680	Spectrum Read#15
H	0.32410	0.32900	0.31410	0.30660	0.30770	0.28290	0.26430	0.25330	0.25020	0.23670	0.23310	0.23530	Spectrum Read#15

Spectrum
Wavelength 16 (550 nm)
	1	2	3	4	5	6	7	8	9	10	11	12
A	0.46470	0.47010	0.46250	0.42790	0.44520	0.43620	0.41390	0.40850	0.39440	0.38370	0.36540	0.35650	Spectrum Read#16
B	0.45700	0.46180	0.44790	0.44650	0.42270	0.41090	0.40000	0.38420	0.36960	0.35260	0.33950	0.32500	Spectrum Read#16
C	0.44750	0.43510	0.44100	0.41480	0.39840	0.38610	0.37340	0.35720	0.34160	0.32920	0.32540	0.30030	Spectrum Read#16
D	0.42580	0.41570	0.39840	0.39150	0.38060	0.36530	0.34800	0.33560	0.32890	0.29420	0.28160	0.27370	Spectrum Read#16
E	0.39400	0.37460	0.37700	0.36360	0.36130	0.33790	0.33190	0.31420	0.33210	0.27870	0.27320	0.26720	Spectrum Read#16
F	0.37680	0.37600	0.36280	0.34970	0.33910	0.32140	0.29180	0.29600	0.28370	0.27510	0.27380	0.25640	Spectrum Read#16
G	0.36500	0.35370	0.32950	0.31700	0.31870	0.30830	0.29310	0.28380	0.27130	0.25650	0.30680	0.25360	Spectrum Read#16
H	0.32720	0.33360	0.31990	0.31460	0.31560	0.29410	0.27640	0.26710	0.26530	0.25260	0.24960	0.25190	Spectrum Read#16

Spectrum
Wavelength 17 (560 nm)
	1	2	3	4	5	6	7	8	9	10	11	12
A	0.44050	0.44850	0.44400	0.41350	0.43190	0.42570	0.40770	0.40500	0.39440	0.38720	0.37230	0.36730	Spectrum Read#17
B	0.43590	0.44250	0.43170	0.43300	0.41300	0.40400	0.39690	0.38490	0.37380	0.36070	0.35100	0.34040	Spectrum Read#17
C	0.43020	0.42020	0.42890	0.40570	0.39300	0.38390	0.37520	0.36250	0.35060	0.34230	0.34120	0.32060	Spectrum Read#17
D	0.41190	0.40460	0.39140	0.38730	0.37990	0.36830	0.35490	0.34600	0.34290	0.31320	0.30350	0.29820	Spectrum Read#17
E	0.38500	0.36920	0.37370	0.36440	0.36480	0.34610	0.34330	0.32880	0.34410	0.30060	0.29840	0.29380	Spectrum Read#17
F	0.37110	0.37350	0.36410	0.35450	0.34760	0.33340	0.30810	0.31480	0.30570	0.30020	0.30150	0.28470	Spectrum Read#17
G	0.36240	0.35460	0.33550	0.32670	0.33110	0.32280	0.31170	0.30610	0.29590	0.28390	0.32640	0.28410	Spectrum Read#17
H	0.32960	0.33910	0.32910	0.32780	0.32990	0.31410	0.29870	0.29230	0.29260	0.28150	0.27950	0.28220	Spectrum Read#17

Spectrum
Wavelength 18 (570 nm)
	1	2	3	4	5	6	7	8	9	10	11	12
A	0.40350	0.41300	0.41160	0.38630	0.40500	0.40180	0.38850	0.38860	0.38200	0.37890	0.36780	0.36650	Spectrum Read#18
B	0.40110	0.40940	0.40200	0.40600	0.39050	0.38460	0.38080	0.37320	0.36610	0.35780	0.35170	0.34480	Spectrum Read#18
C	0.39860	0.39160	0.40320	0.38420	0.37530	0.37010	0.36530	0.35700	0.34920	0.34460	0.34690	0.33180	Spectrum Read#18
D	0.38440	0.38040	0.37160	0.37100	0.36760	0.36030	0.35150	0.34690	0.34760	0.32400	0.31770	0.31530	Spectrum Read#18
E	0.36310	0.35200	0.35890	0.35410	0.35780	0.34470	0.34560	0.33560	0.34580	0.31660	0.31710	0.31490	Spectrum Read#18
F	0.35310	0.35910	0.35450	0.34950	0.34760	0.33760	0.31820	0.32740	0.32220	0.31990	0.32390	0.30840	Spectrum Read#18
G	0.34760	0.34560	0.33320	0.32840	0.33650	0.33150	0.32540	0.32380	0.31690	0.30820	0.33780	0.31070	Spectrum Read#18
H	0.32290	0.33540	0.33060	0.33480	0.33760	0.32980	0.31770	0.31480	0.31750	0.30750	0.30700	0.30950	Spectrum Read#18

Spectrum
Wavelength 19 (580 nm)
	1	2	3	4	5	6	7	8	9	10	11	12
A	0.33710	0.34780	0.35100	0.33410	0.35300	0.35470	0.34840	0.35300	0.35190	0.35420	0.34880	0.35350	Spectrum Read#19
B	0.33700	0.34760	0.34600	0.35470	0.34640	0.34510	0.34610	0.34510	0.34360	0.34210	0.34160	0.34020	Spectrum Read#19
C	0.33950	0.33820	0.35460	0.34220	0.33900	0.33900	0.34010	0.33800	0.33660	0.33750	0.34370	0.33600	Spectrum Read#19
D	0.33450	0.33500	0.33340	0.33750	0.34000	0.33860	0.33630	0.33730	0.34320	0.32810	0.32620	0.32750	Spectrum Read#19
E	0.32420	0.31920	0.32920	0.33060	0.33800	0.33240	0.33830	0.33380	0.33790	0.32650	0.33090	0.33130	Spectrum Read#19
F	0.32120	0.33140	0.33230	0.33250	0.33650	0.33210	0.32020	0.33270	0.33200	0.33400	0.34140	0.32790	Spectrum Read#19
G	0.32170	0.32480	0.32060	0.32090	0.33240	0.33130	0.33130	0.33450	0.33120	0.32640	0.34200	0.33200	Spectrum Read#19
H	0.30690	0.32230	0.32220	0.33160	0.33580	0.33670	0.32870	0.32980	0.33500	0.32720	0.32770	0.33070	Spectrum Read#19

Spectrum
Wavelength 20 (590 nm)
	1	2	3	4	5	6	7	8	9	10	11	12
A	0.25150	0.26430	0.27450	0.26950	0.29010	0.29970	0.30480	0.31700	0.32500	0.33710	0.34080	0.35460	Spectrum Read#20
B	0.25350	0.26820	0.27520	0.29170	0.29530	0.30200	0.31200	0.32090	0.32920	0.33890	0.34730	0.35470	Spectrum Read#20
C	0.26360	0.27140	0.29580	0.29410	0.30010	0.30920	0.31990	0.32770	0.33640	0.34640	0.36000	0.36340	Spectrum Read#20
D	0.27290	0.28130	0.29120	0.30330	0.31460	0.32240	0.33010	0.34020	0.35420	0.35180	0.35700	0.36430	Spectrum Read#20
E	0.28110	0.28500	0.29940	0.31020	0.32340	0.32920	0.34240	0.34600	0.34440	0.35660	0.36710	0.37200	Spectrum Read#20
F	0.28900	0.30530	0.31380	0.32170	0.33430	0.33730	0.33540	0.35340	0.35970	0.36790	0.38100	0.37010	Spectrum Read#20
G	0.29900	0.30880	0.31400	0.32090	0.33750	0.34150	0.35050	0.36050	0.36300	0.36310	0.36750	0.37440	Spectrum Read#20
H	0.29670	0.31480	0.32050	0.33700	0.34160	0.35450	0.35180	0.35850	0.36800	0.36300	0.36620	0.36920	Spectrum Read#20

Spectrum
Wavelength 21 (600 nm)
	1	2	3	4	5	6	7	8	9	10	11	12
A	0.17930	0.19430	0.21110	0.21840	0.24330	0.26260	0.28100	0.30380	0.32370	0.34820	0.36360	0.38960	Spectrum Read#21
B	0.18190	0.20060	0.21740	0.24360	0.26060	0.27780	0.29960	0.32170	0.34230	0.36560	0.38630	0.40580	Spectrum Read#21
C	0.19870	0.21620	0.25080	0.26130	0.27890	0.29980	0.32290	0.34320	0.36430	0.38680	0.41140	0.42790	Spectrum Read#21
D	0.22200	0.23980	0.26230	0.28400	0.30670	0.32630	0.34590	0.36770	0.39340	0.40560	0.41980	0.43590	Spectrum Read#21
E	0.24770	0.26190	0.28300	0.30460	0.32600	0.34450	0.36820	0.38220	0.37870	0.41460	0.43390	0.44540	Spectrum Read#21
F	0.26730	0.29090	0.30850	0.32560	0.34860	0.36100	0.37040	0.39620	0.41170	0.42840	0.44940	0.44190	Spectrum Read#21
G	0.28690	0.30410	0.31980	0.33470	0.35850	0.36970	0.38870	0.40730	0.41680	0.42330	0.42550	0.44430	Spectrum Read#21
H	0.29680	0.31860	0.33110	0.35600	0.36260	0.38890	0.39240	0.40600	0.42160	0.42010	0.42730	0.43130	Spectrum Read#21

Spectrum
Wavelength 22 (610 nm)
	1	2	3	4	5	6	7	8	9	10	11	12
A	0.13170	0.14860	0.16880	0.18310	0.20940	0.23430	0.25880	0.28700	0.31300	0.34390	0.36590	0.39780	Spectrum Read#22
B	0.13570	0.15560	0.17720	0.20850	0.23080	0.25450	0.28230	0.31050	0.33770	0.36720	0.39470	0.42020	Spectrum Read#22
C	0.15490	0.17700	0.21700	0.23280	0.25620	0.28270	0.31200	0.33840	0.36490	0.39360	0.42390	0.44660	Spectrum Read#22
D	0.18490	0.20680	0.23470	0.26130	0.28880	0.31370	0.33890	0.36600	0.39710	0.41660	0.43580	0.45550	Spectrum Read#22
E	0.21730	0.23730	0.26080	0.28720	0.31200	0.33610	0.36420	0.38290	0.38120	0.42570	0.44890	0.46330	Spectrum Read#22
F	0.24320	0.26950	0.29070	0.31190	0.33890	0.35550	0.37020	0.39850	0.41770	0.43820	0.46200	0.45710	Spectrum Read#22
G	0.26730	0.28750	0.30700	0.32550	0.35140	0.36520	0.38800	0.40970	0.42200	0.43100	0.43810	0.45650	Spectrum Read#22
H	0.28390	0.30590	0.32050	0.34770	0.35420	0.38560	0.39140	0.40740	0.42440	0.42500	0.43390	0.43840	Spectrum Read#22

Spectrum
Wavelength 23 (620 nm)
	1	2	3	4	5	6	7	8	9	10	11	12
A	0.10590	0.12290	0.14060	0.15380	0.17520	0.19590	0.21480	0.23730	0.25700	0.28130	0.29800	0.32180	Spectrum Read#23
B	0.11180	0.13040	0.14950	0.17570	0.19210	0.21090	0.23240	0.25400	0.27530	0.29750	0.31810	0.33710	Spectrum Read#23
C	0.13080	0.15020	0.18520	0.19500	0.21330	0.23410	0.25620	0.27670	0.29650	0.31810	0.34050	0.35770	Spectrum Read#23
D	0.15890	0.17820	0.20010	0.22070	0.24200	0.26110	0.27970	0.30050	0.32470	0.33810	0.35220	0.36680	Spectrum Read#23
E	0.18960	0.20610	0.22440	0.24450	0.26350	0.28110	0.30300	0.31640	0.31070	0.34720	0.36420	0.37390	Spectrum Read#23
F	0.21450	0.23540	0.25120	0.26700	0.28730	0.29920	0.30870	0.33010	0.34400	0.35830	0.37610	0.36970	Spectrum Read#23
G	0.23700	0.25210	0.26600	0.27920	0.29920	0.30740	0.32450	0.33980	0.34740	0.35240	0.35450	0.36940	Spectrum Read#23
H	0.25250	0.26820	0.27800	0.29870	0.29900	0.32500	0.32780	0.33770	0.34870	0.34720	0.35340	0.35740	Spectrum Read#23

Spectrum
Wavelength 24 (630 nm)
	1	2	3	4	5	6	7	8	9	10	11	12
A	0.09300	0.10820	0.12390	0.13460	0.15250	0.16940	0.18310	0.19970	0.21470	0.23330	0.24480	0.26270	Spectrum Read#24
B	0.10100	0.11760	0.13360	0.15630	0.16840	0.18190	0.19810	0.21460	0.22950	0.24590	0.26080	0.27460	Spectrum Read#24
C	0.11950	0.13690	0.16810	0.17280	0.18650	0.20220	0.21820	0.23280	0.24720	0.26280	0.27890	0.29030	Spectrum Read#24
D	0.14790	0.16380	0.18100	0.19630	0.21190	0.22530	0.23870	0.25340	0.27100	0.27870	0.28790	0.29780	Spectrum Read#24
E	0.17820	0.19000	0.20320	0.21800	0.23150	0.24340	0.25880	0.26670	0.25950	0.28640	0.29840	0.30460	Spectrum Read#24
F	0.20210	0.21740	0.22770	0.23750	0.25180	0.25880	0.26260	0.27850	0.28710	0.29610	0.30940	0.30160	Spectrum Read#24
G	0.22290	0.23230	0.23990	0.24740	0.26150	0.26450	0.27670	0.28650	0.28970	0.29100	0.29140	0.30220	Spectrum Read#24
H	0.23630	0.24620	0.25050	0.26390	0.25990	0.27940	0.27830	0.28370	0.29010	0.28730	0.29100	0.29490	Spectrum Read#24

Spectrum
Wavelength 25 (640 nm)
	1	2	3	4	5	6	7	8	9	10	11	12
A	0.08550	0.09900	0.11440	0.12560	0.14270	0.15840	0.17200	0.18750	0.20110	0.21800	0.22830	0.24460	Spectrum Read#25
B	0.09360	0.11020	0.12690	0.14930	0.16140	0.17370	0.18890	0.20380	0.21760	0.23290	0.24540	0.25750	Spectrum Read#25
C	0.11450	0.13370	0.16470	0.16880	0.18160	0.19630	0.21070	0.22380	0.23650	0.25010	0.26410	0.27380	Spectrum Read#25
D	0.14890	0.16520	0.18170	0.19560	0.20950	0.22140	0.23280	0.24500	0.26090	0.26520	0.27250	0.28080	Spectrum Read#25
E	0.18560	0.19570	0.20710	0.21950	0.23150	0.24070	0.25320	0.25880	0.25060	0.27290	0.28250	0.28710	Spectrum Read#25
F	0.21310	0.22570	0.23330	0.24060	0.25160	0.25560	0.25530	0.26990	0.27560	0.28200	0.29260	0.28390	Spectrum Read#25
G	0.23640	0.24200	0.24560	0.24990	0.26090	0.26110	0.26980	0.27650	0.27720	0.27520	0.27830	0.28360	Spectrum Read#25
H	0.24890	0.25560	0.25560	0.26570	0.25860	0.27400	0.27000	0.27250	0.27610	0.27190	0.27360	0.27750	Spectrum Read#25

Spectrum
Wavelength 26 (650 nm)
	1	2	3	4	5	6	7	8	9	10	11	12
A	0.07680	0.08970	0.10720	0.12240	0.14260	0.16160	0.17950	0.19880	0.21610	0.23680	0.25050	0.27050	Spectrum Read#26
B	0.08380	0.10240	0.12410	0.15060	0.16730	0.18390	0.20320	0.22210	0.23950	0.25880	0.27510	0.29040	Spectrum Read#26
C	0.11000	0.13490	0.17060	0.17940	0.19580	0.21420	0.23270	0.24900	0.26480	0.28170	0.29960	0.31120	Spectrum Read#26
D	0.15660	0.17740	0.19810	0.21500	0.23200	0.24650	0.26070	0.27550	0.29370	0.29910	0.30830	0.31830	Spectrum Read#26
E	0.20620	0.21870	0.23190	0.24620	0.25970	0.27010	0.28470	0.29140	0.28290	0.30720	0.31810	0.32350	Spectrum Read#26
F	0.24350	0.25670	0.26480	0.27230	0.28410	0.28790	0.28670	0.30260	0.30880	0.31610	0.32750	0.31710	Spectrum Read#26
G	0.27330	0.27750	0.27970	0.28310	0.29460	0.29360	0.30220	0.30890	0.30870	0.30490	0.31610	0.31430	Spectrum Read#26
H	0.28820	0.29330	0.29130	0.30010	0.29110	0.30650	0.30060	0.30220	0.30560	0.29960	0.30110	0.30480	Spectrum Read#26

Spectrum
Wavelength 27 (660 nm)
	1	2	3	4	5	6	7	8	9	10	11	12
A	0.06420	0.07660	0.09440	0.11220	0.13360	0.15530	0.17580	0.19770	0.21780	0.24180	0.25810	0.28090	Spectrum Read#27
B	0.06960	0.08810	0.11170	0.14130	0.16020	0.18020	0.20290	0.22450	0.24540	0.26720	0.28690	0.30510	Spectrum Read#27
C	0.09680	0.12420	0.16330	0.17430	0.19390	0.21530	0.23650	0.25580	0.27440	0.29420	0.31520	0.32930	Spectrum Read#27
D	0.14790	0.17150	0.19450	0.21400	0.23350	0.25070	0.26710	0.28510	0.30630	0.31450	0.32580	0.33750	Spectrum Read#27
E	0.20120	0.21640	0.23150	0.24810	0.26400	0.27650	0.29380	0.30290	0.29440	0.32250	0.33540	0.34150	Spectrum Read#27
F	0.24150	0.25650	0.26650	0.27610	0.29010	0.29590	0.29660	0.31440	0.32230	0.33110	0.34350	0.33340	Spectrum Read#27
G	0.27280	0.27870	0.28250	0.28810	0.30160	0.30180	0.31220	0.32070	0.32170	0.31840	0.33250	0.32880	Spectrum Read#27
H	0.28900	0.29550	0.29500	0.30580	0.29750	0.31520	0.31040	0.31310	0.31760	0.31140	0.31330	0.31690	Spectrum Read#27

Spectrum
Wavelength 28 (670 nm)
	1	2	3	4	5	6	7	8	9	10	11	12
A	0.05320	0.06310	0.07650	0.09090	0.10770	0.12520	0.14120	0.15860	0.17470	0.19400	0.20680	0.22470	Spectrum Read#28
B	0.05660	0.07050	0.08920	0.11370	0.12680	0.14320	0.16130	0.17830	0.19460	0.21190	0.22780	0.24240	Spectrum Read#28
C	0.07690	0.09840	0.13170	0.13730	0.15320	0.17020	0.18670	0.20230	0.21680	0.23280	0.24920	0.26120	Spectrum Read#28
D	0.11530	0.13400	0.15200	0.16760	0.18320	0.19740	0.21020	0.22490	0.24280	0.25030	0.25940	0.26890	Spectrum Read#28
E	0.15430	0.16800	0.18000	0.19360	0.20660	0.21750	0.23220	0.23990	0.23210	0.25770	0.26810	0.27340	Spectrum Read#28
F	0.18480	0.19770	0.20690	0.21580	0.22750	0.23400	0.23630	0.25070	0.25780	0.26530	0.27640	0.26810	Spectrum Read#28
G	0.20860	0.21560	0.22050	0.22690	0.23820	0.23930	0.24960	0.25710	0.25870	0.25770	0.26290	0.26580	Spectrum Read#28
H	0.22350	0.22970	0.23140	0.24190	0.23550	0.25220	0.24990	0.25320	0.25730	0.25300	0.25490	0.25880	Spectrum Read#28

Spectrum
Wavelength 29 (680 nm)
	1	2	3	4	5	6	7	8	9	10	11	12
A	0.04510	0.05180	0.05920	0.06820	0.07810	0.08980	0.09870	0.10960	0.11940	0.13200	0.13950	0.15020	Spectrum Read#29
B	0.04740	0.05560	0.06660	0.08370	0.08910	0.09920	0.10990	0.12040	0.13050	0.14100	0.15100	0.16010	Spectrum Read#29
C	0.05940	0.07160	0.09720	0.09470	0.10460	0.11550	0.12490	0.13460	0.14350	0.15340	0.16310	0.17140	Spectrum Read#29
D	0.08110	0.09260	0.10300	0.11270	0.12220	0.13120	0.13900	0.14850	0.16070	0.16510	0.17070	0.17710	Spectrum Read#29
E	0.10340	0.11240	0.11960	0.12800	0.13600	0.14360	0.15350	0.15830	0.15210	0.17040	0.17710	0.18080	Spectrum Read#29
F	0.12210	0.13050	0.13630	0.14240	0.14970	0.15480	0.15700	0.16600	0.17090	0.17600	0.18450	0.17910	Spectrum Read#29
G	0.13680	0.14220	0.14570	0.15020	0.15780	0.15850	0.16630	0.17130	0.17270	0.17350	0.17170	0.17880	Spectrum Read#29
H	0.14930	0.15190	0.15380	0.16140	0.15580	0.16870	0.16800	0.17070	0.17330	0.17160	0.17330	0.17760	Spectrum Read#29

Spectrum
Wavelength 30 (690 nm)
	1	2	3	4	5	6	7	8	9	10	11	12
A	0.04130	0.04530	0.04850	0.05340	0.05870	0.06590	0.07030	0.07610	0.08190	0.08980	0.09340	0.09970	Spectrum Read#30
B	0.04270	0.04680	0.05260	0.06430	0.06470	0.07020	0.07620	0.08230	0.08800	0.09450	0.10000	0.10540	Spectrum Read#30
C	0.04850	0.05490	0.07490	0.06760	0.07300	0.07990	0.08450	0.09030	0.09540	0.10120	0.10660	0.11210	Spectrum Read#30
D	0.05920	0.06530	0.07110	0.07660	0.08190	0.08760	0.09230	0.09780	0.10670	0.10870	0.11220	0.11610	Spectrum Read#30
E	0.07020	0.07580	0.07980	0.08490	0.08930	0.09420	0.10080	0.10390	0.09990	0.11210	0.11640	0.11890	Spectrum Read#30
F	0.08040	0.08560	0.08900	0.09310	0.09740	0.10140	0.10350	0.10890	0.11240	0.11570	0.12280	0.11910	Spectrum Read#30
G	0.08830	0.09250	0.09480	0.09820	0.10310	0.10400	0.10950	0.11320	0.11430	0.11640	0.11150	0.12010	Spectrum Read#30
H	0.09790	0.09880	0.10070	0.10600	0.10240	0.11090	0.11180	0.11430	0.11630	0.11580	0.11760	0.12220	Spectrum Read#30

Spectrum
Wavelength 31 (700 nm)
	1	2	3	4	5	6	7	8	9	10	11	12
A	0.03890	0.04150	0.04250	0.04490	0.04760	0.05220	0.05370	0.05670	0.05950	0.06480	0.06610	0.06900	Spectrum Read#31
B	0.04000	0.04160	0.04460	0.05330	0.05070	0.05360	0.05640	0.06000	0.06330	0.06670	0.06970	0.07280	Spectrum Read#31
C	0.04280	0.04580	0.06270	0.05230	0.05540	0.05940	0.06130	0.06460	0.06740	0.07050	0.07310	0.07690	Spectrum Read#31
D	0.04790	0.05120	0.05400	0.05720	0.05980	0.06320	0.06600	0.06890	0.07530	0.07570	0.07750	0.08000	Spectrum Read#31
E	0.05270	0.05610	0.05860	0.06140	0.06380	0.06720	0.07150	0.07300	0.06990	0.07860	0.08100	0.08260	Spectrum Read#31
F	0.05840	0.06140	0.06390	0.06620	0.06880	0.07200	0.07380	0.07660	0.07920	0.08130	0.08720	0.08420	Spectrum Read#31
G	0.06260	0.06550	0.06750	0.06990	0.07310	0.07390	0.07790	0.08040	0.08130	0.08320	0.07650	0.08560	Spectrum Read#31
H	0.06960	0.06970	0.07140	0.07550	0.07320	0.07890	0.08030	0.08260	0.08380	0.08410	0.08560	0.09010	Spectrum Read#31

