Spectrum
Wavelength 1 (400 nm)
	1	2	3	4	5	6	7	8	9	10	11	12
A	0.03870	0.03960	0.03890	0.03870	0.03850	0.04010	0.03890	0.03850	0.03870	0.03920	0.03860	0.03850	Spectrum Read#1
B	0.03880	0.03940	0.03930	0.03870	0.03860	0.03900	0.03870	0.03860	0.03850	0.03910	0.03870	0.03890	Spectrum Read#1
C	0.03880	0.03880	0.04040	0.03900	0.03900	0.04050	0.03850	0.03850	0.03870	0.03890	0.03890	0.03890	Spectrum Read#1
D	0.03890	0.03900	0.03930	0.03900	0.03930	0.03900	0.03870	0.03860	0.03910	0.03940	0.03880	0.03900	Spectrum Read#1
E	0.03870	0.03950	0.03860	0.03860	0.03860	0.03860	0.04020	0.03870	0.03880	0.03880	0.03880	0.03870	Spectrum Read#1
F	0.04030	0.04090	0.03870	0.03880	0.03850	0.03900	0.03870	0.03870	0.03870	0.03870	0.03880	0.03920	Spectrum Read#1
G	0.03990	0.03910	0.03870	0.03840	0.03860	0.03870	0.03920	0.03870	0.03860	0.03930	0.03910	0.03880	Spectrum Read#1
H	0.03900	0.03890	0.03840	0.03980	0.03780	0.03830	0.03850	0.03790	0.03800	0.03870	0.03880	0.03840	Spectrum Read#1

Spectrum
Wavelength 2 (410 nm)
	1	2	3	4	5	6	7	8	9	10	11	12
A	0.03820	0.03890	0.03790	0.03800	0.03800	0.03950	0.03810	0.03760	0.03770	0.03860	0.03790	0.03780	Spectrum Read#2
B	0.03810	0.03890	0.03840	0.03810	0.03780	0.03810	0.03790	0.03780	0.03750	0.03810	0.03790	0.03790	Spectrum Read#2
C	0.03810	0.03800	0.03970	0.03810	0.03820	0.03970	0.03780	0.03770	0.03780	0.03810	0.03820	0.03830	Spectrum Read#2
D	0.03780	0.03820	0.03840	0.03810	0.03820	0.03790	0.03770	0.03770	0.03820	0.03860	0.03770	0.03810	Spectrum Read#2
E	0.03810	0.03850	0.03780	0.03760	0.03790	0.03790	0.03940	0.03790	0.03800	0.03810	0.03790	0.03790	Spectrum Read#2
F	0.03940	0.03990	0.03770	0.03790	0.03750	0.03800	0.03790	0.03760	0.03780	0.03790	0.03770	0.03820	Spectrum Read#2
G	0.03880	0.03830	0.03800	0.03760	0.03770	0.03820	0.03830	0.03790	0.03800	0.03830	0.03830	0.03790	Spectrum Read#2
H	0.03810	0.03800	0.03750	0.03870	0.03700	0.03740	0.03760	0.03720	0.03710	0.03770	0.03790	0.03770	Spectrum Read#2

Spectrum
Wavelength 3 (420 nm)
	1	2	3	4	5	6	7	8	9	10	11	12
A	0.03730	0.03830	0.03730	0.03730	0.03720	0.03880	0.03750	0.03700	0.03700	0.03790	0.03700	0.03680	Spectrum Read#3
B	0.03720	0.03800	0.03790	0.03710	0.03690	0.03730	0.03690	0.03700	0.03670	0.03730	0.03710	0.03710	Spectrum Read#3
C	0.03710	0.03710	0.03870	0.03740	0.03720	0.03860	0.03700	0.03680	0.03690	0.03690	0.03740	0.03700	Spectrum Read#3
D	0.03680	0.03720	0.03750	0.03700	0.03740	0.03700	0.03680	0.03680	0.03740	0.03740	0.03690	0.03720	Spectrum Read#3
E	0.03710	0.03730	0.03700	0.03690	0.03690	0.03680	0.03850	0.03680	0.03710	0.03730	0.03690	0.03680	Spectrum Read#3
F	0.03820	0.03870	0.03680	0.03690	0.03670	0.03700	0.03690	0.03660	0.03700	0.03690	0.03680	0.03720	Spectrum Read#3
G	0.03750	0.03720	0.03700	0.03660	0.03670	0.03720	0.03720	0.03700	0.03670	0.03730	0.03710	0.03670	Spectrum Read#3
H	0.03740	0.03710	0.03630	0.03750	0.03620	0.03630	0.03640	0.03600	0.03620	0.03670	0.03680	0.03640	Spectrum Read#3

Spectrum
Wavelength 4 (430 nm)
	1	2	3	4	5	6	7	8	9	10	11	12
A	0.03690	0.03790	0.03690	0.03660	0.03680	0.03850	0.03700	0.03670	0.03650	0.03790	0.03660	0.03650	Spectrum Read#4
B	0.03670	0.03740	0.03730	0.03660	0.03640	0.03690	0.03650	0.03660	0.03630	0.03700	0.03670	0.03670	Spectrum Read#4
C	0.03670	0.03690	0.03790	0.03690	0.03680	0.03810	0.03610	0.03620	0.03620	0.03640	0.03700	0.03650	Spectrum Read#4
D	0.03620	0.03680	0.03690	0.03660	0.03690	0.03660	0.03650	0.03630	0.03700	0.03690	0.03650	0.03680	Spectrum Read#4
E	0.03640	0.03690	0.03640	0.03630	0.03630	0.03630	0.03780	0.03610	0.03650	0.03650	0.03650	0.03610	Spectrum Read#4
F	0.03740	0.03800	0.03640	0.03640	0.03610	0.03640	0.03610	0.03610	0.03630	0.03630	0.03610	0.03680	Spectrum Read#4
G	0.03710	0.03680	0.03640	0.03610	0.03590	0.03650	0.03670	0.03620	0.03620	0.03670	0.03650	0.03610	Spectrum Read#4
H	0.03690	0.03630	0.03590	0.03710	0.03580	0.03600	0.03590	0.03560	0.03550	0.03600	0.03620	0.03590	Spectrum Read#4

Spectrum
Wavelength 5 (440 nm)
	1	2	3	4	5	6	7	8	9	10	11	12
A	0.03660	0.03760	0.03660	0.03650	0.03650	0.03810	0.03670	0.03610	0.03630	0.03760	0.03620	0.03620	Spectrum Read#5
B	0.03670	0.03730	0.03710	0.03620	0.03640	0.03660	0.03610	0.03640	0.03620	0.03650	0.03630	0.03630	Spectrum Read#5
C	0.03630	0.03640	0.03760	0.03670	0.03660	0.03800	0.03620	0.03620	0.03610	0.03620	0.03670	0.03620	Spectrum Read#5
D	0.03610	0.03650	0.03660	0.03620	0.03680	0.03620	0.03610	0.03610	0.03680	0.03670	0.03620	0.03630	Spectrum Read#5
E	0.03620	0.03670	0.03590	0.03600	0.03610	0.03610	0.03760	0.03580	0.03620	0.03620	0.03610	0.03590	Spectrum Read#5
F	0.03710	0.03760	0.03610	0.03600	0.03580	0.03620	0.03590	0.03600	0.03590	0.03610	0.03600	0.03640	Spectrum Read#5
G	0.03670	0.03650	0.03600	0.03580	0.03600	0.03610	0.03630	0.03590	0.03580	0.03650	0.03630	0.03590	Spectrum Read#5
H	0.03680	0.03640	0.03570	0.03680	0.03540	0.03550	0.03580	0.03520	0.03530	0.03580	0.03590	0.03570	Spectrum Read#5

Spectrum
Wavelength 6 (450 nm)
	1	2	3	4	5	6	7	8	9	10	11	12
A	0.03630	0.03730	0.03640	0.03610	0.03610	0.03780	0.03660	0.03590	0.03590	0.03730	0.03590	0.03570	Spectrum Read#6
B	0.03610	0.03660	0.03650	0.03600	0.03590	0.03610	0.03580	0.03590	0.03570	0.03630	0.03580	0.03600	Spectrum Read#6
C	0.03590	0.03600	0.03720	0.03620	0.03620	0.03750	0.03560	0.03560	0.03570	0.03570	0.03630	0.03600	Spectrum Read#6
D	0.03570	0.03600	0.03620	0.03580	0.03610	0.03580	0.03560	0.03570	0.03620	0.03630	0.03560	0.03590	Spectrum Read#6
E	0.03590	0.03610	0.03550	0.03560	0.03570	0.03560	0.03690	0.03570	0.03590	0.03590	0.03570	0.03570	Spectrum Read#6
F	0.03670	0.03730	0.03560	0.03550	0.03540	0.03570	0.03560	0.03560	0.03560	0.03560	0.03550	0.03600	Spectrum Read#6
G	0.03630	0.03580	0.03570	0.03520	0.03540	0.03580	0.03610	0.03540	0.03550	0.03600	0.03580	0.03560	Spectrum Read#6
H	0.03660	0.03550	0.03500	0.03640	0.03500	0.03480	0.03540	0.03480	0.03490	0.03520	0.03550	0.03520	Spectrum Read#6

Spectrum
Wavelength 7 (460 nm)
	1	2	3	4	5	6	7	8	9	10	11	12
A	0.03600	0.03720	0.03600	0.03570	0.03600	0.03770	0.03620	0.03570	0.03560	0.03710	0.03560	0.03560	Spectrum Read#7
B	0.03570	0.03650	0.03610	0.03570	0.03580	0.03590	0.03550	0.03580	0.03550	0.03600	0.03580	0.03570	Spectrum Read#7
C	0.03560	0.03570	0.03680	0.03600	0.03570	0.03700	0.03550	0.03530	0.03540	0.03550	0.03590	0.03560	Spectrum Read#7
D	0.03520	0.03560	0.03590	0.03540	0.03580	0.03550	0.03530	0.03550	0.03570	0.03600	0.03540	0.03570	Spectrum Read#7
E	0.03550	0.03570	0.03520	0.03520	0.03530	0.03520	0.03670	0.03520	0.03530	0.03540	0.03520	0.03510	Spectrum Read#7
F	0.03620	0.03670	0.03520	0.03510	0.03500	0.03550	0.03510	0.03490	0.03520	0.03520	0.03520	0.03560	Spectrum Read#7
G	0.03580	0.03550	0.03550	0.03490	0.03520	0.03540	0.03580	0.03500	0.03490	0.03550	0.03530	0.03500	Spectrum Read#7
H	0.03640	0.03520	0.03480	0.03580	0.03470	0.03490	0.03480	0.03460	0.03460	0.03500	0.03500	0.03490	Spectrum Read#7

Spectrum
Wavelength 8 (470 nm)
	1	2	3	4	5	6	7	8	9	10	11	12
A	0.03590	0.03680	0.03580	0.03570	0.03560	0.03750	0.03600	0.03560	0.03560	0.03710	0.03550	0.03530	Spectrum Read#8
B	0.03560	0.03620	0.03610	0.03550	0.03540	0.03540	0.03550	0.03540	0.03540	0.03580	0.03530	0.03570	Spectrum Read#8
C	0.03550	0.03570	0.03650	0.03560	0.03560	0.03700	0.03520	0.03500	0.03510	0.03540	0.03550	0.03550	Spectrum Read#8
D	0.03490	0.03530	0.03580	0.03520	0.03550	0.03520	0.03500	0.03500	0.03570	0.03560	0.03530	0.03540	Spectrum Read#8
E	0.03510	0.03580	0.03480	0.03500	0.03510	0.03490	0.03630	0.03490	0.03550	0.03510	0.03520	0.03480	Spectrum Read#8
F	0.03590	0.03620	0.03500	0.03510	0.03490	0.03530	0.03480	0.03480	0.03510	0.03500	0.03510	0.03540	Spectrum Read#8
G	0.03550	0.03520	0.03520	0.03490	0.03490	0.03520	0.03560	0.03490	0.03470	0.03540	0.03520	0.03480	Spectrum Read#8
H	0.03640	0.03510	0.03440	0.03560	0.03460	0.03440	0.03460	0.03440	0.03430	0.03490	0.03520	0.03470	Spectrum Read#8

Spectrum
Wavelength 9 (480 nm)
	1	2	3	4	5	6	7	8	9	10	11	12
A	0.03560	0.03680	0.03560	0.03560	0.03560	0.03740	0.03590	0.03530	0.03560	0.03670	0.03520	0.03520	Spectrum Read#9
B	0.03560	0.03620	0.03580	0.03550	0.03540	0.03540	0.03540	0.03520	0.03510	0.03550	0.03500	0.03540	Spectrum Read#9
C	0.03520	0.03540	0.03640	0.03570	0.03550	0.03650	0.03500	0.03490	0.03490	0.03500	0.03540	0.03530	Spectrum Read#9
D	0.03500	0.03540	0.03540	0.03500	0.03550	0.03500	0.03490	0.03490	0.03530	0.03570	0.03510	0.03530	Spectrum Read#9
E	0.03520	0.03540	0.03480	0.03490	0.03500	0.03470	0.03610	0.03480	0.03520	0.03510	0.03510	0.03510	Spectrum Read#9
F	0.03600	0.03630	0.03460	0.03500	0.03470	0.03510	0.03470	0.03460	0.03500	0.03470	0.03480	0.03530	Spectrum Read#9
G	0.03550	0.03510	0.03500	0.03450	0.03470	0.03490	0.03560	0.03470	0.03450	0.03500	0.03490	0.03460	Spectrum Read#9
H	0.03620	0.03480	0.03430	0.03560	0.03460	0.03430	0.03440	0.03420	0.03410	0.03470	0.03480	0.03470	Spectrum Read#9

Spectrum
Wavelength 10 (490 nm)
	1	2	3	4	5	6	7	8	9	10	11	12
A	0.03560	0.03680	0.03580	0.03550	0.03560	0.03730	0.03590	0.03520	0.03540	0.03680	0.03520	0.03520	Spectrum Read#10
B	0.03550	0.03610	0.03570	0.03570	0.03530	0.03560	0.03520	0.03520	0.03490	0.03570	0.03520	0.03530	Spectrum Read#10
C	0.03540	0.03540	0.03650	0.03560	0.03540	0.03670	0.03510	0.03500	0.03490	0.03510	0.03540	0.03520	Spectrum Read#10
D	0.03490	0.03540	0.03550	0.03520	0.03530	0.03510	0.03500	0.03500	0.03550	0.03540	0.03500	0.03520	Spectrum Read#10
E	0.03500	0.03560	0.03490	0.03480	0.03490	0.03470	0.03610	0.03470	0.03510	0.03500	0.03490	0.03480	Spectrum Read#10
F	0.03580	0.03620	0.03450	0.03490	0.03460	0.03520	0.03460	0.03470	0.03490	0.03470	0.03490	0.03520	Spectrum Read#10
G	0.03520	0.03510	0.03510	0.03470	0.03470	0.03490	0.03540	0.03480	0.03460	0.03530	0.03510	0.03460	Spectrum Read#10
H	0.03630	0.03460	0.03450	0.03580	0.03460	0.03450	0.03460	0.03440	0.03440	0.03470	0.03490	0.03470	Spectrum Read#10

Spectrum
Wavelength 11 (500 nm)
	1	2	3	4	5	6	7	8	9	10	11	12
A	0.03510	0.03630	0.03530	0.03510	0.03500	0.03680	0.03550	0.03490	0.03490	0.03620	0.03450	0.03460	Spectrum Read#11
B	0.03500	0.03560	0.03540	0.03510	0.03510	0.03500	0.03480	0.03490	0.03460	0.03510	0.03500	0.03490	Spectrum Read#11
C	0.03490	0.03500	0.03590	0.03520	0.03510	0.03640	0.03450	0.03450	0.03450	0.03470	0.03490	0.03460	Spectrum Read#11
D	0.03440	0.03490	0.03490	0.03460	0.03490	0.03480	0.03440	0.03450	0.03500	0.03500	0.03470	0.03490	Spectrum Read#11
E	0.03470	0.03510	0.03450	0.03450	0.03440	0.03440	0.03570	0.03430	0.03460	0.03460	0.03440	0.03450	Spectrum Read#11
F	0.03520	0.03570	0.03420	0.03460	0.03440	0.03460	0.03430	0.03430	0.03430	0.03450	0.03460	0.03470	Spectrum Read#11
G	0.03510	0.03470	0.03460	0.03410	0.03430	0.03430	0.03490	0.03430	0.03420	0.03460	0.03440	0.03410	Spectrum Read#11
H	0.03590	0.03440	0.03410	0.03520	0.03420	0.03400	0.03410	0.03400	0.03420	0.03410	0.03420	0.03440	Spectrum Read#11

Spectrum
Wavelength 12 (510 nm)
	1	2	3	4	5	6	7	8	9	10	11	12
A	0.03540	0.03640	0.03530	0.03530	0.03540	0.03690	0.03550	0.03510	0.03510	0.03670	0.03500	0.03500	Spectrum Read#12
B	0.03520	0.03600	0.03570	0.03520	0.03500	0.03510	0.03490	0.03510	0.03480	0.03540	0.03480	0.03520	Spectrum Read#12
C	0.03510	0.03510	0.03600	0.03530	0.03550	0.03640	0.03490	0.03480	0.03490	0.03480	0.03520	0.03500	Spectrum Read#12
D	0.03450	0.03510	0.03510	0.03500	0.03510	0.03500	0.03460	0.03460	0.03510	0.03510	0.03470	0.03500	Spectrum Read#12
E	0.03500	0.03540	0.03460	0.03490	0.03460	0.03460	0.03590	0.03450	0.03490	0.03480	0.03460	0.03440	Spectrum Read#12
F	0.03540	0.03590	0.03450	0.03460	0.03440	0.03500	0.03430	0.03460	0.03460	0.03460	0.03450	0.03500	Spectrum Read#12
G	0.03500	0.03490	0.03470	0.03450	0.03420	0.03460	0.03530	0.03450	0.03440	0.03490	0.03480	0.03440	Spectrum Read#12
H	0.03620	0.03470	0.03420	0.03570	0.03450	0.03420	0.03440	0.03410	0.03420	0.03440	0.03450	0.03460	Spectrum Read#12

Spectrum
Wavelength 13 (520 nm)
	1	2	3	4	5	6	7	8	9	10	11	12
A	0.03520	0.03630	0.03510	0.03490	0.03510	0.03660	0.03540	0.03500	0.03500	0.03630	0.03480	0.03460	Spectrum Read#13
B	0.03500	0.03550	0.03520	0.03480	0.03490	0.03500	0.03480	0.03460	0.03460	0.03510	0.03450	0.03490	Spectrum Read#13
C	0.03470	0.03490	0.03560	0.03500	0.03510	0.03600	0.03470	0.03460	0.03460	0.03460	0.03510	0.03490	Spectrum Read#13
D	0.03440	0.03490	0.03510	0.03470	0.03490	0.03460	0.03450	0.03430	0.03470	0.03470	0.03460	0.03500	Spectrum Read#13
E	0.03460	0.03510	0.03440	0.03440	0.03430	0.03440	0.03560	0.03430	0.03470	0.03470	0.03460	0.03430	Spectrum Read#13
F	0.03520	0.03560	0.03420	0.03440	0.03430	0.03450	0.03430	0.03440	0.03460	0.03440	0.03450	0.03460	Spectrum Read#13
G	0.03480	0.03450	0.03450	0.03420	0.03410	0.03440	0.03500	0.03430	0.03410	0.03460	0.03450	0.03400	Spectrum Read#13
H	0.03580	0.03460	0.03420	0.03520	0.03440	0.03410	0.03440	0.03410	0.03410	0.03410	0.03420	0.03420	Spectrum Read#13

Spectrum
Wavelength 14 (530 nm)
	1	2	3	4	5	6	7	8	9	10	11	12
A	0.03530	0.03640	0.03510	0.03510	0.03500	0.03670	0.03550	0.03490	0.03500	0.03650	0.03460	0.03470	Spectrum Read#14
B	0.03520	0.03570	0.03530	0.03500	0.03510	0.03490	0.03480	0.03470	0.03480	0.03520	0.03490	0.03470	Spectrum Read#14
C	0.03500	0.03500	0.03560	0.03520	0.03510	0.03610	0.03470	0.03460	0.03440	0.03470	0.03480	0.03480	Spectrum Read#14
D	0.03450	0.03480	0.03500	0.03470	0.03490	0.03470	0.03450	0.03460	0.03500	0.03510	0.03470	0.03490	Spectrum Read#14
E	0.03480	0.03510	0.03450	0.03430	0.03440	0.03460	0.03570	0.03440	0.03460	0.03460	0.03450	0.03440	Spectrum Read#14
F	0.03530	0.03580	0.03450	0.03450	0.03440	0.03480	0.03430	0.03430	0.03450	0.03440	0.03460	0.03490	Spectrum Read#14
G	0.03490	0.03460	0.03450	0.03430	0.03420	0.03440	0.03490	0.03430	0.03410	0.03490	0.03450	0.03440	Spectrum Read#14
H	0.03610	0.03450	0.03420	0.03540	0.03450	0.03400	0.03430	0.03430	0.03430	0.03430	0.03430	0.03450	Spectrum Read#14

Spectrum
Wavelength 15 (540 nm)
	1	2	3	4	5	6	7	8	9	10	11	12
A	0.03530	0.03630	0.03520	0.03510	0.03510	0.03670	0.03540	0.03510	0.03510	0.03630	0.03480	0.03480	Spectrum Read#15
B	0.03510	0.03560	0.03550	0.03510	0.03500	0.03480	0.03470	0.03490	0.03470	0.03510	0.03470	0.03490	Spectrum Read#15
C	0.03480	0.03510	0.03560	0.03520	0.03520	0.03610	0.03460	0.03450	0.03460	0.03460	0.03480	0.03470	Spectrum Read#15
D	0.03450	0.03500	0.03520	0.03470	0.03500	0.03480	0.03460	0.03430	0.03490	0.03510	0.03460	0.03490	Spectrum Read#15
E	0.03490	0.03510	0.03450	0.03450	0.03460	0.03460	0.03560	0.03420	0.03460	0.03460	0.03460	0.03440	Spectrum Read#15
F	0.03530	0.03570	0.03440	0.03450	0.03430	0.03470	0.03440	0.03430	0.03450	0.03440	0.03450	0.03490	Spectrum Read#15
G	0.03480	0.03470	0.03450	0.03420	0.03440	0.03440	0.03510	0.03430	0.03400	0.03470	0.03460	0.03450	Spectrum Read#15
H	0.03620	0.03440	0.03400	0.03550	0.03440	0.03400	0.03430	0.03420	0.03430	0.03440	0.03440	0.03470	Spectrum Read#15

Spectrum
Wavelength 16 (550 nm)
	1	2	3	4	5	6	7	8	9	10	11	12
A	0.03540	0.03630	0.03510	0.03520	0.03510	0.03670	0.03550	0.03500	0.03500	0.03600	0.03470	0.03470	Spectrum Read#16
B	0.03520	0.03540	0.03530	0.03520	0.03490	0.03480	0.03470	0.03470	0.03440	0.03520	0.03480	0.03500	Spectrum Read#16
C	0.03500	0.03510	0.03550	0.03530	0.03510	0.03600	0.03460	0.03450	0.03460	0.03480	0.03490	0.03470	Spectrum Read#16
D	0.03450	0.03490	0.03490	0.03450	0.03490	0.03450	0.03460	0.03440	0.03480	0.03490	0.03460	0.03480	Spectrum Read#16
E	0.03480	0.03510	0.03430	0.03430	0.03450	0.03450	0.03570	0.03420	0.03450	0.03470	0.03440	0.03450	Spectrum Read#16
F	0.03520	0.03570	0.03470	0.03430	0.03410	0.03470	0.03450	0.03430	0.03450	0.03450	0.03450	0.03490	Spectrum Read#16
G	0.03480	0.03470	0.03430	0.03410	0.03420	0.03440	0.03500	0.03440	0.03410	0.03460	0.03460	0.03420	Spectrum Read#16
H	0.03610	0.03450	0.03410	0.03560	0.03450	0.03400	0.03440	0.03410	0.03460	0.03430	0.03450	0.03460	Spectrum Read#16

Spectrum
Wavelength 17 (560 nm)
	1	2	3	4	5	6	7	8	9	10	11	12
A	0.03520	0.03620	0.03490	0.03500	0.03500	0.03650	0.03550	0.03500	0.03510	0.03620	0.03460	0.03470	Spectrum Read#17
B	0.03510	0.03550	0.03520	0.03500	0.03500	0.03500	0.03490	0.03490	0.03470	0.03500	0.03480	0.03480	Spectrum Read#17
C	0.03500	0.03490	0.03560	0.03510	0.03530	0.03610	0.03480	0.03450	0.03460	0.03460	0.03490	0.03480	Spectrum Read#17
D	0.03460	0.03480	0.03520	0.03480	0.03510	0.03460	0.03460	0.03450	0.03470	0.03490	0.03470	0.03470	Spectrum Read#17
E	0.03470	0.03530	0.03450	0.03420	0.03460	0.03460	0.03550	0.03420	0.03460	0.03480	0.03450	0.03440	Spectrum Read#17
F	0.03520	0.03540	0.03440	0.03440	0.03420	0.03490	0.03430	0.03430	0.03440	0.03450	0.03470	0.03480	Spectrum Read#17
G	0.03480	0.03470	0.03440	0.03430	0.03420	0.03420	0.03490	0.03430	0.03410	0.03450	0.03450	0.03430	Spectrum Read#17
H	0.03630	0.03440	0.03410	0.03540	0.03440	0.03420	0.03430	0.03430	0.03410	0.03430	0.03440	0.03470	Spectrum Read#17

Spectrum
Wavelength 18 (570 nm)
	1	2	3	4	5	6	7	8	9	10	11	12
A	0.03540	0.03620	0.03520	0.03500	0.03490	0.03670	0.03530	0.03490	0.03520	0.03620	0.03480	0.03470	Spectrum Read#18
B	0.03520	0.03560	0.03520	0.03510	0.03480	0.03490	0.03460	0.03500	0.03470	0.03510	0.03480	0.03490	Spectrum Read#18
C	0.03500	0.03510	0.03560	0.03520	0.03520	0.03610	0.03480	0.03450	0.03470	0.03470	0.03490	0.03470	Spectrum Read#18
D	0.03460	0.03490	0.03480	0.03460	0.03480	0.03460	0.03480	0.03450	0.03500	0.03500	0.03460	0.03480	Spectrum Read#18
E	0.03490	0.03520	0.03450	0.03440	0.03440	0.03470	0.03550	0.03460	0.03470	0.03460	0.03430	0.03440	Spectrum Read#18
F	0.03510	0.03570	0.03440	0.03440	0.03420	0.03490	0.03410	0.03430	0.03450	0.03450	0.03460	0.03470	Spectrum Read#18
G	0.03490	0.03470	0.03450	0.03410	0.03440	0.03450	0.03510	0.03420	0.03420	0.03480	0.03450	0.03430	Spectrum Read#18
H	0.03610	0.03450	0.03410	0.03570	0.03450	0.03420	0.03440	0.03450	0.03440	0.03440	0.03450	0.03470	Spectrum Read#18

Spectrum
Wavelength 19 (580 nm)
	1	2	3	4	5	6	7	8	9	10	11	12
A	0.03520	0.03620	0.03510	0.03520	0.03510	0.03660	0.03540	0.03500	0.03490	0.03630	0.03470	0.03460	Spectrum Read#19
B	0.03510	0.03570	0.03510	0.03490	0.03480	0.03490	0.03460	0.03460	0.03460	0.03500	0.03470	0.03480	Spectrum Read#19
C	0.03500	0.03500	0.03530	0.03530	0.03530	0.03580	0.03470	0.03450	0.03450	0.03460	0.03500	0.03460	Spectrum Read#19
D	0.03450	0.03490	0.03470	0.03450	0.03490	0.03460	0.03440	0.03440	0.03480	0.03470	0.03440	0.03480	Spectrum Read#19
E	0.03450	0.03510	0.03440	0.03420	0.03440	0.03440	0.03530	0.03420	0.03460	0.03460	0.03450	0.03440	Spectrum Read#19
F	0.03500	0.03540	0.03430	0.03450	0.03430	0.03470	0.03430	0.03430	0.03430	0.03440	0.03440	0.03470	Spectrum Read#19
G	0.03470	0.03460	0.03430	0.03410	0.03420	0.03420	0.03470	0.03400	0.03390	0.03460	0.03460	0.03420	Spectrum Read#19
H	0.03600	0.03470	0.03410	0.03540	0.03440	0.03420	0.03430	0.03430	0.03440	0.03420	0.03430	0.03480	Spectrum Read#19

Spectrum
Wavelength 20 (590 nm)
	1	2	3	4	5	6	7	8	9	10	11	12
A	0.03490	0.03610	0.03530	0.03520	0.03470	0.03640	0.03530	0.03500	0.03480	0.03620	0.03470	0.03460	Spectrum Read#20
B	0.03510	0.03540	0.03530	0.03480	0.03480	0.03510	0.03470	0.03460	0.03450	0.03500	0.03450	0.03490	Spectrum Read#20
C	0.03500	0.03480	0.03540	0.03500	0.03520	0.03590	0.03480	0.03440	0.03460	0.03470	0.03480	0.03470	Spectrum Read#20
D	0.03460	0.03490	0.03480	0.03440	0.03490	0.03450	0.03450	0.03430	0.03480	0.03490	0.03430	0.03470	Spectrum Read#20
E	0.03470	0.03520	0.03420	0.03420	0.03430	0.03450	0.03540	0.03450	0.03450	0.03460	0.03450	0.03430	Spectrum Read#20
F	0.03490	0.03550	0.03430	0.03440	0.03410	0.03490	0.03430	0.03420	0.03430	0.03450	0.03460	0.03460	Spectrum Read#20
G	0.03480	0.03460	0.03420	0.03420	0.03430	0.03440	0.03470	0.03420	0.03400	0.03460	0.03450	0.03420	Spectrum Read#20
H	0.03640	0.03460	0.03410	0.03560	0.03460	0.03410	0.03430	0.03420	0.03420	0.03420	0.03440	0.03450	Spectrum Read#20

Spectrum
Wavelength 21 (600 nm)
	1	2	3	4	5	6	7	8	9	10	11	12
A	0.03500	0.03590	0.03500	0.03510	0.03490	0.03620	0.03510	0.03500	0.03480	0.03600	0.03440	0.03470	Spectrum Read#21
B	0.03470	0.03540	0.03520	0.03490	0.03460	0.03490	0.03470	0.03450	0.03440	0.03510	0.03470	0.03490	Spectrum Read#21
C	0.03490	0.03500	0.03530	0.03490	0.03490	0.03580	0.03470	0.03420	0.03460	0.03430	0.03460	0.03460	Spectrum Read#21
D	0.03450	0.03470	0.03470	0.03440	0.03480	0.03440	0.03440	0.03400	0.03470	0.03480	0.03430	0.03460	Spectrum Read#21
E	0.03470	0.03490	0.03430	0.03420	0.03420	0.03430	0.03520	0.03430	0.03440	0.03450	0.03420	0.03420	Spectrum Read#21
F	0.03500	0.03540	0.03430	0.03430	0.03400	0.03450	0.03410	0.03400	0.03430	0.03420	0.03450	0.03480	Spectrum Read#21
G	0.03460	0.03470	0.03420	0.03400	0.03410	0.03430	0.03460	0.03410	0.03400	0.03420	0.03430	0.03410	Spectrum Read#21
H	0.03610	0.03460	0.03400	0.03540	0.03440	0.03390	0.03430	0.03430	0.03420	0.03420	0.03430	0.03460	Spectrum Read#21

Spectrum
Wavelength 22 (610 nm)
	1	2	3	4	5	6	7	8	9	10	11	12
A	0.03520	0.03610	0.03530	0.03520	0.03530	0.03660	0.03550	0.03500	0.03520	0.03640	0.03480	0.03490	Spectrum Read#22
B	0.03530	0.03560	0.03540	0.03500	0.03510	0.03490	0.03490	0.03480	0.03490	0.03510	0.03500	0.03510	Spectrum Read#22
C	0.03500	0.03510	0.03570	0.03540	0.03530	0.03600	0.03480	0.03460	0.03500	0.03470	0.03540	0.03520	Spectrum Read#22
D	0.03460	0.03520	0.03520	0.03460	0.03500	0.03500	0.03450	0.03470	0.03460	0.03520	0.03480	0.03490	Spectrum Read#22
E	0.03500	0.03530	0.03460	0.03460	0.03470	0.03450	0.03540	0.03450	0.03470	0.03460	0.03440	0.03460	Spectrum Read#22
F	0.03530	0.03570	0.03430	0.03430	0.03430	0.03500	0.03450	0.03450	0.03470	0.03460	0.03480	0.03500	Spectrum Read#22
G	0.03520	0.03490	0.03450	0.03420	0.03440	0.03460	0.03480	0.03430	0.03440	0.03480	0.03480	0.03460	Spectrum Read#22
H	0.03660	0.03490	0.03410	0.03580	0.03440	0.03420	0.03430	0.03490	0.03470	0.03450	0.03430	0.03480	Spectrum Read#22

Spectrum
Wavelength 23 (620 nm)
	1	2	3	4	5	6	7	8	9	10	11	12
A	0.03460	0.03560	0.03490	0.03500	0.03470	0.03610	0.03500	0.03460	0.03480	0.03550	0.03410	0.03410	Spectrum Read#23
B	0.03460	0.03510	0.03470	0.03450	0.03450	0.03450	0.03420	0.03440	0.03430	0.03460	0.03430	0.03430	Spectrum Read#23
C	0.03470	0.03450	0.03500	0.03450	0.03490	0.03560	0.03420	0.03410	0.03440	0.03390	0.03480	0.03420	Spectrum Read#23
D	0.03410	0.03460	0.03440	0.03450	0.03470	0.03410	0.03420	0.03420	0.03410	0.03440	0.03430	0.03420	Spectrum Read#23
E	0.03450	0.03480	0.03400	0.03390	0.03370	0.03440	0.03510	0.03380	0.03430	0.03430	0.03410	0.03420	Spectrum Read#23
F	0.03460	0.03510	0.03390	0.03420	0.03370	0.03450	0.03400	0.03390	0.03410	0.03380	0.03420	0.03410	Spectrum Read#23
G	0.03440	0.03440	0.03390	0.03380	0.03400	0.03400	0.03440	0.03370	0.03400	0.03420	0.03420	0.03360	Spectrum Read#23
H	0.03590	0.03430	0.03370	0.03500	0.03440	0.03380	0.03390	0.03370	0.03400	0.03400	0.03400	0.03450	Spectrum Read#23

Spectrum
Wavelength 24 (630 nm)
	1	2	3	4	5	6	7	8	9	10	11	12
A	0.03460	0.03550	0.03450	0.03470	0.03470	0.03590	0.03490	0.03430	0.03460	0.03580	0.03420	0.03430	Spectrum Read#24
B	0.03470	0.03530	0.03520	0.03460	0.03440	0.03450	0.03390	0.03440	0.03420	0.03450	0.03420	0.03470	Spectrum Read#24
C	0.03460	0.03440	0.03490	0.03490	0.03450	0.03550	0.03400	0.03400	0.03420	0.03440	0.03420	0.03420	Spectrum Read#24
D	0.03410	0.03440	0.03430	0.03430	0.03480	0.03440	0.03390	0.03370	0.03420	0.03430	0.03400	0.03420	Spectrum Read#24
E	0.03420	0.03470	0.03370	0.03380	0.03380	0.03390	0.03500	0.03400	0.03430	0.03430	0.03400	0.03380	Spectrum Read#24
F	0.03470	0.03500	0.03420	0.03360	0.03420	0.03440	0.03410	0.03390	0.03400	0.03420	0.03390	0.03420	Spectrum Read#24
G	0.03450	0.03400	0.03380	0.03370	0.03350	0.03430	0.03420	0.03370	0.03390	0.03410	0.03410	0.03380	Spectrum Read#24
H	0.03580	0.03430	0.03370	0.03510	0.03420	0.03360	0.03410	0.03390	0.03390	0.03370	0.03370	0.03450	Spectrum Read#24

Spectrum
Wavelength 25 (640 nm)
	1	2	3	4	5	6	7	8	9	10	11	12
A	0.03430	0.03530	0.03430	0.03420	0.03420	0.03550	0.03450	0.03410	0.03420	0.03510	0.03380	0.03380	Spectrum Read#25
B	0.03410	0.03480	0.03420	0.03390	0.03420	0.03400	0.03380	0.03370	0.03370	0.03420	0.03390	0.03400	Spectrum Read#25
C	0.03410	0.03410	0.03470	0.03420	0.03400	0.03500	0.03380	0.03360	0.03370	0.03380	0.03400	0.03380	Spectrum Read#25
D	0.03380	0.03410	0.03410	0.03400	0.03420	0.03390	0.03360	0.03360	0.03390	0.03390	0.03370	0.03380	Spectrum Read#25
E	0.03400	0.03420	0.03350	0.03360	0.03340	0.03350	0.03450	0.03340	0.03370	0.03390	0.03370	0.03340	Spectrum Read#25
F	0.03420	0.03450	0.03360	0.03340	0.03330	0.03390	0.03340	0.03350	0.03340	0.03330	0.03360	0.03380	Spectrum Read#25
G	0.03410	0.03390	0.03350	0.03310	0.03320	0.03350	0.03360	0.03340	0.03330	0.03360	0.03380	0.03330	Spectrum Read#25
H	0.03550	0.03390	0.03340	0.03470	0.03380	0.03310	0.03340	0.03380	0.03370	0.03340	0.03360	0.03390	Spectrum Read#25

Spectrum
Wavelength 26 (650 nm)
	1	2	3	4	5	6	7	8	9	10	11	12
A	0.03440	0.03530	0.03390	0.03430	0.03420	0.03540	0.03420	0.03400	0.03410	0.03510	0.03370	0.03390	Spectrum Read#26
B	0.03410	0.03480	0.03420	0.03390	0.03390	0.03400	0.03360	0.03380	0.03380	0.03400	0.03380	0.03400	Spectrum Read#26
C	0.03400	0.03410	0.03450	0.03420	0.03430	0.03480	0.03400	0.03360	0.03360	0.03360	0.03400	0.03380	Spectrum Read#26
D	0.03370	0.03410	0.03400	0.03360	0.03410	0.03360	0.03380	0.03340	0.03380	0.03400	0.03350	0.03380	Spectrum Read#26
E	0.03390	0.03420	0.03340	0.03340	0.03360	0.03360	0.03460	0.03330	0.03370	0.03380	0.03340	0.03320	Spectrum Read#26
F	0.03390	0.03440	0.03350	0.03320	0.03330	0.03390	0.03350	0.03350	0.03340	0.03350	0.03360	0.03350	Spectrum Read#26
G	0.03390	0.03390	0.03340	0.03320	0.03350	0.03370	0.03370	0.03340	0.03330	0.03360	0.03370	0.03330	Spectrum Read#26
H	0.03560	0.03370	0.03310	0.03480	0.03350	0.03310	0.03350	0.03380	0.03370	0.03340	0.03330	0.03400	Spectrum Read#26

Spectrum
Wavelength 27 (660 nm)
	1	2	3	4	5	6	7	8	9	10	11	12
A	0.03380	0.03480	0.03400	0.03400	0.03390	0.03510	0.03440	0.03380	0.03380	0.03490	0.03340	0.03360	Spectrum Read#27
B	0.03380	0.03420	0.03420	0.03380	0.03370	0.03370	0.03360	0.03330	0.03340	0.03390	0.03350	0.03380	Spectrum Read#27
C	0.03390	0.03390	0.03420	0.03400	0.03400	0.03470	0.03360	0.03330	0.03350	0.03340	0.03390	0.03350	Spectrum Read#27
D	0.03320	0.03360	0.03370	0.03350	0.03370	0.03330	0.03330	0.03320	0.03370	0.03370	0.03330	0.03350	Spectrum Read#27
E	0.03350	0.03410	0.03330	0.03320	0.03330	0.03360	0.03420	0.03300	0.03340	0.03350	0.03350	0.03320	Spectrum Read#27
F	0.03370	0.03420	0.03320	0.03300	0.03320	0.03370	0.03320	0.03330	0.03340	0.03330	0.03340	0.03350	Spectrum Read#27
G	0.03350	0.03360	0.03310	0.03310	0.03300	0.03340	0.03340	0.03320	0.03300	0.03320	0.03350	0.03280	Spectrum Read#27
H	0.03510	0.03350	0.03300	0.03460	0.03340	0.03290	0.03330	0.03360	0.03360	0.03300	0.03330	0.03370	Spectrum Read#27

Spectrum
Wavelength 28 (670 nm)
	1	2	3	4	5	6	7	8	9	10	11	12
A	0.03360	0.03470	0.03370	0.03370	0.03350	0.03500	0.03400	0.03350	0.03360	0.03470	0.03320	0.03330	Spectrum Read#28
B	0.03370	0.03410	0.03380	0.03350	0.03350	0.03350	0.03330	0.03330	0.03320	0.03370	0.03340	0.03340	Spectrum Read#28
C	0.03370	0.03350	0.03400	0.03370	0.03390	0.03440	0.03330	0.03290	0.03320	0.03330	0.03350	0.03320	Spectrum Read#28
D	0.03320	0.03340	0.03350	0.03320	0.03350	0.03330	0.03310	0.03300	0.03330	0.03350	0.03310	0.03330	Spectrum Read#28
E	0.03350	0.03350	0.03330	0.03300	0.03290	0.03320	0.03410	0.03290	0.03310	0.03320	0.03310	0.03280	Spectrum Read#28
F	0.03350	0.03400	0.03310	0.03300	0.03280	0.03340	0.03320	0.03290	0.03300	0.03330	0.03320	0.03310	Spectrum Read#28
G	0.03350	0.03350	0.03270	0.03270	0.03280	0.03310	0.03330	0.03280	0.03280	0.03310	0.03330	0.03280	Spectrum Read#28
H	0.03490	0.03350	0.03280	0.03430	0.03330	0.03280	0.03300	0.03330	0.03310	0.03260	0.03300	0.03360	Spectrum Read#28

Spectrum
Wavelength 29 (680 nm)
	1	2	3	4	5	6	7	8	9	10	11	12
A	0.03390	0.03470	0.03360	0.03370	0.03380	0.03490	0.03380	0.03360	0.03360	0.03480	0.03320	0.03340	Spectrum Read#29
B	0.03370	0.03420	0.03380	0.03330	0.03360	0.03350	0.03330	0.03330	0.03320	0.03350	0.03340	0.03350	Spectrum Read#29
C	0.03350	0.03350	0.03370	0.03370	0.03370	0.03450	0.03330	0.03300	0.03320	0.03310	0.03340	0.03320	Spectrum Read#29
D	0.03330	0.03360	0.03350	0.03320	0.03360	0.03320	0.03300	0.03300	0.03330	0.03330	0.03330	0.03310	Spectrum Read#29
E	0.03360	0.03370	0.03300	0.03310	0.03290	0.03320	0.03400	0.03290	0.03300	0.03320	0.03320	0.03300	Spectrum Read#29
F	0.03360	0.03400	0.03320	0.03280	0.03290	0.03340	0.03320	0.03270	0.03300	0.03310	0.03300	0.03310	Spectrum Read#29
G	0.03340	0.03340	0.03280	0.03270	0.03290	0.03310	0.03310	0.03280	0.03270	0.03300	0.03310	0.03260	Spectrum Read#29
H	0.03500	0.03330	0.03270	0.03450	0.03330	0.03280	0.03300	0.03330	0.03340	0.03280	0.03300	0.03360	Spectrum Read#29

Spectrum
Wavelength 30 (690 nm)
	1	2	3	4	5	6	7	8	9	10	11	12
A	0.03340	0.03440	0.03340	0.03350	0.03330	0.03460	0.03370	0.03330	0.03330	0.03420	0.03280	0.03300	Spectrum Read#30
B	0.03330	0.03360	0.03350	0.03310	0.03310	0.03310	0.03300	0.03320	0.03290	0.03330	0.03320	0.03310	Spectrum Read#30
C	0.03330	0.03310	0.03340	0.03340	0.03330	0.03410	0.03300	0.03280	0.03310	0.03250	0.03320	0.03300	Spectrum Read#30
D	0.03300	0.03310	0.03310	0.03290	0.03330	0.03300	0.03250	0.03290	0.03300	0.03310	0.03280	0.03290	Spectrum Read#30
E	0.03340	0.03320	0.03260	0.03280	0.03270	0.03260	0.03350	0.03240	0.03300	0.03290	0.03270	0.03260	Spectrum Read#30
F	0.03300	0.03370	0.03270	0.03260	0.03230	0.03300	0.03290	0.03240	0.03250	0.03260	0.03290	0.03280	Spectrum Read#30
G	0.03310	0.03300	0.03260	0.03240	0.03250	0.03280	0.03290	0.03260	0.03240	0.03270	0.03270	0.03240	Spectrum Read#30
H	0.03480	0.03320	0.03220	0.03400	0.03270	0.03230	0.03260	0.03300	0.03290	0.03250	0.03260	0.03320	Spectrum Read#30

Spectrum
Wavelength 31 (700 nm)
	1	2	3	4	5	6	7	8	9	10	11	12
A	0.03370	0.03460	0.03370	0.03370	0.03350	0.03470	0.03390	0.03350	0.03360	0.03470	0.03340	0.03330	Spectrum Read#31
B	0.03340	0.03380	0.03380	0.03350	0.03340	0.03350	0.03330	0.03330	0.03330	0.03340	0.03330	0.03350	Spectrum Read#31
C	0.03360	0.03350	0.03390	0.03350	0.03370	0.03430	0.03330	0.03300	0.03320	0.03300	0.03330	0.03330	Spectrum Read#31
D	0.03320	0.03350	0.03340	0.03320	0.03370	0.03320	0.03310	0.03300	0.03330	0.03340	0.03320	0.03330	Spectrum Read#31
E	0.03330	0.03380	0.03300	0.03290	0.03290	0.03300	0.03390	0.03290	0.03300	0.03320	0.03290	0.03260	Spectrum Read#31
F	0.03360	0.03380	0.03310	0.03290	0.03290	0.03340	0.03310	0.03290	0.03300	0.03300	0.03320	0.03320	Spectrum Read#31
G	0.03350	0.03350	0.03290	0.03250	0.03280	0.03310	0.03340	0.03280	0.03290	0.03290	0.03300	0.03260	Spectrum Read#31
H	0.03500	0.03340	0.03270	0.03440	0.03320	0.03270	0.03300	0.03320	0.03300	0.03290	0.03280	0.03340	Spectrum Read#31

