Spectrum
Wavelength 1 (400 nm)
	1	2	3	4	5	6	7	8	9	10	11	12
A	0.26040	0.24370	0.24640	0.23860	0.26320	0.25660	0.25490	0.23830	0.26120	0.25890	0.25840	0.24510	Spectrum Read#1
B	0.25540	0.24100	0.24370	0.23930	0.25570	0.25830	0.24530	0.23940	0.25740	0.26040	0.25510	0.24620	Spectrum Read#1
C	0.25060	0.23090	0.24300	0.24140	0.25530	0.26480	0.24310	0.23830	0.25480	0.26240	0.25480	0.24530	Spectrum Read#1
D	0.24530	0.24250	0.24170	0.24370	0.25410	0.26940	0.25500	0.24010	0.25640	0.25960	0.25760	0.24680	Spectrum Read#1
E	0.24520	0.24370	0.24470	0.24170	0.25240	0.24410	0.24380	0.24010	0.25500	0.25790	0.25870	0.24670	Spectrum Read#1
F	0.25070	0.24180	0.24410	0.24220	0.24580	0.24300	0.23600	0.23950	0.25780	0.26090	0.24970	0.25250	Spectrum Read#1
G	0.24540	0.24680	0.24540	0.24510	0.26150	0.25080	0.24360	0.24090	0.25730	0.24900	0.24760	0.25870	Spectrum Read#1
H	0.24900	0.24380	0.24300	0.24530	0.25480	0.25340	0.24210	0.24500	0.26670	0.26430	0.24580	0.24420	Spectrum Read#1

Spectrum
Wavelength 2 (410 nm)
	1	2	3	4	5	6	7	8	9	10	11	12
A	0.25010	0.24290	0.25510	0.24750	0.25280	0.25760	0.26450	0.24790	0.25100	0.25650	0.26310	0.25260	Spectrum Read#2
B	0.24510	0.24180	0.25240	0.24830	0.24520	0.26160	0.25490	0.24930	0.24530	0.25980	0.26050	0.25330	Spectrum Read#2
C	0.24050	0.23430	0.25190	0.25050	0.24500	0.26970	0.25240	0.24810	0.24240	0.26350	0.26050	0.25220	Spectrum Read#2
D	0.23660	0.24660	0.25070	0.25290	0.24530	0.27620	0.26530	0.24990	0.24460	0.26090	0.26310	0.25410	Spectrum Read#2
E	0.23790	0.24940	0.25390	0.25110	0.24520	0.25160	0.25340	0.24990	0.24490	0.26020	0.26500	0.25430	Spectrum Read#2
F	0.24510	0.24890	0.25340	0.25150	0.24160	0.25130	0.24490	0.24930	0.25020	0.26350	0.25570	0.26030	Spectrum Read#2
G	0.24140	0.25460	0.25470	0.25450	0.25880	0.26000	0.25300	0.25090	0.25140	0.25310	0.25470	0.26720	Spectrum Read#2
H	0.24680	0.25190	0.25230	0.25490	0.25420	0.26280	0.25190	0.25520	0.26170	0.26910	0.25250	0.25190	Spectrum Read#2

Spectrum
Wavelength 3 (420 nm)
	1	2	3	4	5	6	7	8	9	10	11	12
A	0.24300	0.24980	0.27360	0.26640	0.24540	0.26810	0.28660	0.26950	0.24370	0.26290	0.27850	0.27130	Spectrum Read#3
B	0.23780	0.25030	0.27070	0.26730	0.23810	0.27420	0.27640	0.27110	0.23720	0.26780	0.27680	0.27170	Spectrum Read#3
C	0.23440	0.24530	0.27030	0.26970	0.23900	0.28540	0.27380	0.26960	0.23450	0.27350	0.27700	0.27030	Spectrum Read#3
D	0.23210	0.25930	0.26900	0.27190	0.24110	0.29470	0.28760	0.27150	0.23870	0.27140	0.27980	0.27330	Spectrum Read#3
E	0.23540	0.26390	0.27270	0.27050	0.24380	0.27000	0.27500	0.27180	0.24080	0.27210	0.28240	0.27360	Spectrum Read#3
F	0.24460	0.26450	0.27220	0.27070	0.24360	0.27050	0.26530	0.27100	0.24900	0.27640	0.27320	0.27950	Spectrum Read#3
G	0.24350	0.27200	0.27370	0.27390	0.26320	0.28100	0.27470	0.27220	0.25260	0.26750	0.27270	0.28730	Spectrum Read#3
H	0.25120	0.26940	0.27120	0.27350	0.26130	0.28400	0.27360	0.27720	0.26490	0.28480	0.27010	0.27120	Spectrum Read#3

Spectrum
Wavelength 4 (430 nm)
	1	2	3	4	5	6	7	8	9	10	11	12
A	0.24230	0.24160	0.25960	0.25250	0.24480	0.26110	0.27430	0.25740	0.24320	0.25430	0.26570	0.25740	Spectrum Read#4
B	0.23600	0.24100	0.25720	0.25330	0.23650	0.26590	0.26420	0.25900	0.23530	0.25810	0.26370	0.25790	Spectrum Read#4
C	0.23180	0.23510	0.25630	0.25530	0.23660	0.27560	0.26170	0.25750	0.23140	0.26280	0.26340	0.25650	Spectrum Read#4
D	0.22870	0.24780	0.25480	0.25770	0.23810	0.28360	0.27470	0.25920	0.23470	0.26070	0.26630	0.25910	Spectrum Read#4
E	0.23110	0.25180	0.25860	0.25610	0.24010	0.25900	0.26270	0.25940	0.23580	0.26050	0.26860	0.25930	Spectrum Read#4
F	0.23940	0.25170	0.25790	0.25640	0.23880	0.25940	0.25320	0.25880	0.24290	0.26430	0.25950	0.26480	Spectrum Read#4
G	0.23740	0.25860	0.25950	0.25990	0.25790	0.26920	0.26230	0.26020	0.24550	0.25540	0.25910	0.27230	Spectrum Read#4
H	0.24370	0.25610	0.25730	0.25980	0.25490	0.27190	0.26140	0.26500	0.25650	0.27170	0.25670	0.25700	Spectrum Read#4

Spectrum
Wavelength 5 (440 nm)
	1	2	3	4	5	6	7	8	9	10	11	12
A	0.24720	0.22730	0.23370	0.22680	0.25000	0.24670	0.25070	0.23450	0.24810	0.24200	0.24660	0.23620	Spectrum Read#5
B	0.23920	0.22520	0.23130	0.22750	0.23920	0.24920	0.24130	0.23600	0.23810	0.24430	0.24380	0.23720	Spectrum Read#5
C	0.23280	0.21700	0.23040	0.22910	0.23720	0.25660	0.23870	0.23480	0.23200	0.24720	0.24360	0.23590	Spectrum Read#5
D	0.22690	0.22780	0.22900	0.23150	0.23620	0.26200	0.25050	0.23610	0.23250	0.24500	0.24620	0.23770	Spectrum Read#5
E	0.22710	0.22940	0.23230	0.22990	0.23540	0.23850	0.23950	0.23640	0.23250	0.24410	0.24800	0.23790	Spectrum Read#5
F	0.23230	0.22840	0.23190	0.23030	0.23130	0.23810	0.23150	0.23570	0.23660	0.24700	0.23950	0.24320	Spectrum Read#5
G	0.22820	0.23390	0.23320	0.23390	0.24760	0.24660	0.23920	0.23740	0.23740	0.23720	0.23820	0.25000	Spectrum Read#5
H	0.23200	0.23100	0.23130	0.23410	0.24300	0.24890	0.23840	0.24190	0.24660	0.25220	0.23650	0.23580	Spectrum Read#5

Spectrum
Wavelength 6 (450 nm)
	1	2	3	4	5	6	7	8	9	10	11	12
A	0.25840	0.22090	0.21690	0.20980	0.26110	0.23960	0.23580	0.22010	0.25930	0.23750	0.23590	0.22350	Spectrum Read#6
B	0.24830	0.21680	0.21450	0.21050	0.24800	0.24000	0.22680	0.22170	0.24660	0.23820	0.23250	0.22480	Spectrum Read#6
C	0.23970	0.20620	0.21350	0.21200	0.24350	0.24560	0.22450	0.22040	0.23820	0.23970	0.23200	0.22360	Spectrum Read#6
D	0.23110	0.21570	0.21210	0.21410	0.24000	0.24920	0.23540	0.22160	0.23730	0.23710	0.23470	0.22520	Spectrum Read#6
E	0.22930	0.21590	0.21500	0.21260	0.23720	0.22540	0.22480	0.22190	0.23550	0.23550	0.23580	0.22490	Spectrum Read#6
F	0.23230	0.21370	0.21470	0.21310	0.22990	0.22460	0.21740	0.22120	0.23700	0.23800	0.22750	0.23010	Spectrum Read#6
G	0.22580	0.21800	0.21580	0.21640	0.24400	0.23240	0.22460	0.22260	0.23600	0.22730	0.22600	0.23610	Spectrum Read#6
H	0.22730	0.21490	0.21420	0.21700	0.23800	0.23450	0.22400	0.22730	0.24390	0.24130	0.22480	0.22300	Spectrum Read#6

Spectrum
Wavelength 7 (460 nm)
	1	2	3	4	5	6	7	8	9	10	11	12
A	0.27430	0.22430	0.21210	0.20460	0.27720	0.24210	0.23190	0.21600	0.27560	0.24200	0.23450	0.21990	Spectrum Read#7
B	0.26360	0.21860	0.20960	0.20540	0.26300	0.24090	0.22270	0.21710	0.26220	0.24120	0.23070	0.22120	Spectrum Read#7
C	0.25340	0.20580	0.20850	0.20660	0.25710	0.24530	0.22050	0.21590	0.25240	0.24130	0.22970	0.21990	Spectrum Read#7
D	0.24300	0.21460	0.20710	0.20880	0.25170	0.24740	0.23080	0.21720	0.24940	0.23840	0.23260	0.22110	Spectrum Read#7
E	0.23930	0.21350	0.20980	0.20730	0.24650	0.22290	0.22080	0.21740	0.24640	0.23580	0.23300	0.22070	Spectrum Read#7
F	0.24060	0.21000	0.20930	0.20730	0.23680	0.22140	0.21330	0.21680	0.24560	0.23800	0.22480	0.22610	Spectrum Read#7
G	0.23200	0.21410	0.21080	0.21070	0.25000	0.22860	0.22040	0.21820	0.24300	0.22610	0.22240	0.23190	Spectrum Read#7
H	0.23220	0.21080	0.20880	0.21140	0.24220	0.23070	0.21950	0.22270	0.24990	0.23990	0.22160	0.21860	Spectrum Read#7

Spectrum
Wavelength 8 (470 nm)
	1	2	3	4	5	6	7	8	9	10	11	12
A	0.29490	0.23090	0.20740	0.19900	0.29790	0.24780	0.22650	0.21000	0.29620	0.24930	0.23270	0.21450	Spectrum Read#8
B	0.28430	0.22320	0.20460	0.19950	0.28400	0.24390	0.21770	0.21110	0.28350	0.24630	0.22780	0.21600	Spectrum Read#8
C	0.27280	0.20720	0.20330	0.20100	0.27710	0.24640	0.21520	0.20980	0.27320	0.24460	0.22620	0.21430	Spectrum Read#8
D	0.26030	0.21510	0.20200	0.20260	0.26970	0.24630	0.22490	0.21130	0.26810	0.24110	0.22910	0.21510	Spectrum Read#8
E	0.25530	0.21260	0.20440	0.20120	0.26200	0.21990	0.21500	0.21090	0.26320	0.23700	0.22890	0.21410	Spectrum Read#8
F	0.25420	0.20760	0.20390	0.20150	0.24860	0.21770	0.20750	0.21050	0.25940	0.23880	0.22010	0.21990	Spectrum Read#8
G	0.24300	0.21060	0.20470	0.20440	0.26020	0.22410	0.21440	0.21190	0.25470	0.22420	0.21680	0.22460	Spectrum Read#8
H	0.24110	0.20670	0.20310	0.20510	0.25010	0.22610	0.21370	0.21600	0.26010	0.23780	0.21670	0.21230	Spectrum Read#8

Spectrum
Wavelength 9 (480 nm)
	1	2	3	4	5	6	7	8	9	10	11	12
A	0.32320	0.24180	0.20340	0.19400	0.32670	0.25590	0.22070	0.20310	0.32460	0.26030	0.23220	0.20800	Spectrum Read#9
B	0.31250	0.23110	0.20000	0.19470	0.31250	0.24880	0.21180	0.20410	0.31350	0.25470	0.22540	0.21050	Spectrum Read#9
C	0.29980	0.21100	0.19880	0.19550	0.30500	0.24880	0.20920	0.20230	0.30280	0.25030	0.22310	0.20860	Spectrum Read#9
D	0.28470	0.21800	0.19730	0.19740	0.29440	0.24630	0.21850	0.20400	0.29510	0.24620	0.22610	0.20860	Spectrum Read#9
E	0.27680	0.21310	0.19910	0.19580	0.28370	0.21720	0.20850	0.20390	0.28760	0.24020	0.22510	0.20710	Spectrum Read#9
F	0.27350	0.20650	0.19890	0.19580	0.26570	0.21380	0.20090	0.20310	0.27980	0.24100	0.21580	0.21310	Spectrum Read#9
G	0.25940	0.20800	0.19990	0.19880	0.27550	0.21920	0.20770	0.20420	0.27150	0.22360	0.21090	0.21700	Spectrum Read#9
H	0.25460	0.20350	0.19820	0.19930	0.26170	0.22120	0.20680	0.20860	0.27540	0.23690	0.21160	0.20490	Spectrum Read#9

Spectrum
Wavelength 10 (490 nm)
	1	2	3	4	5	6	7	8	9	10	11	12
A	0.36090	0.25920	0.20500	0.19380	0.36490	0.26990	0.21930	0.20000	0.36250	0.27810	0.23680	0.20640	Spectrum Read#10
B	0.34970	0.24550	0.20070	0.19430	0.35010	0.25960	0.20990	0.20090	0.35280	0.26990	0.22840	0.20970	Spectrum Read#10
C	0.33560	0.22050	0.19950	0.19550	0.34130	0.25670	0.20710	0.19900	0.34140	0.26230	0.22500	0.20750	Spectrum Read#10
D	0.31740	0.22670	0.19780	0.19690	0.32800	0.25150	0.21640	0.20100	0.33080	0.25740	0.22840	0.20650	Spectrum Read#10
E	0.30700	0.21950	0.19960	0.19560	0.31300	0.21910	0.20610	0.20040	0.32020	0.24900	0.22610	0.20450	Spectrum Read#10
F	0.30110	0.21030	0.19890	0.19530	0.28920	0.21430	0.19840	0.19960	0.30830	0.24910	0.21610	0.21120	Spectrum Read#10
G	0.28320	0.21100	0.20000	0.19830	0.29780	0.21850	0.20520	0.20080	0.29600	0.22790	0.20990	0.21390	Spectrum Read#10
H	0.27550	0.20550	0.19830	0.19870	0.27980	0.22070	0.20390	0.20530	0.29830	0.24150	0.21120	0.20200	Spectrum Read#10

Spectrum
Wavelength 11 (500 nm)
	1	2	3	4	5	6	7	8	9	10	11	12
A	0.40000	0.27920	0.20890	0.19610	0.40470	0.28790	0.22230	0.20140	0.40180	0.29930	0.24610	0.20930	Spectrum Read#11
B	0.38810	0.26240	0.20370	0.19640	0.38850	0.27410	0.21240	0.20200	0.39340	0.28850	0.23560	0.21310	Spectrum Read#11
C	0.37230	0.23260	0.20250	0.19780	0.37890	0.26890	0.20950	0.19990	0.38130	0.27780	0.23140	0.21090	Spectrum Read#11
D	0.35150	0.23830	0.20060	0.19910	0.36280	0.26110	0.21860	0.20180	0.36840	0.27240	0.23510	0.20900	Spectrum Read#11
E	0.33900	0.22830	0.20230	0.19800	0.34450	0.22470	0.20810	0.20150	0.35480	0.26220	0.23190	0.20660	Spectrum Read#11
F	0.33060	0.21670	0.20140	0.19770	0.31590	0.21880	0.19960	0.20090	0.33880	0.26130	0.22100	0.21380	Spectrum Read#11
G	0.30890	0.21610	0.20250	0.20030	0.32310	0.22230	0.20670	0.20160	0.32320	0.23670	0.21300	0.21570	Spectrum Read#11
H	0.29890	0.20960	0.20060	0.20080	0.30100	0.22420	0.20540	0.20620	0.32440	0.25050	0.21520	0.20370	Spectrum Read#11

Spectrum
Wavelength 12 (510 nm)
	1	2	3	4	5	6	7	8	9	10	11	12
A	0.43560	0.29920	0.21530	0.20140	0.44110	0.30760	0.23040	0.20820	0.43780	0.32230	0.25930	0.21740	Spectrum Read#12
B	0.42360	0.27990	0.20980	0.20170	0.42410	0.29170	0.21980	0.20850	0.43060	0.30930	0.24760	0.22180	Spectrum Read#12
C	0.40680	0.24560	0.20850	0.20320	0.41430	0.28470	0.21720	0.20630	0.41890	0.29690	0.24270	0.21920	Spectrum Read#12
D	0.38400	0.25100	0.20660	0.20430	0.39570	0.27460	0.22610	0.20830	0.40440	0.29050	0.24660	0.21700	Spectrum Read#12
E	0.36910	0.23910	0.20800	0.20310	0.37520	0.23480	0.21560	0.20760	0.38850	0.27830	0.24270	0.21390	Spectrum Read#12
F	0.35900	0.22540	0.20720	0.20290	0.34210	0.22780	0.20600	0.20680	0.36950	0.27730	0.23070	0.22200	Spectrum Read#12
G	0.33430	0.22390	0.20800	0.20550	0.34910	0.23090	0.21350	0.20760	0.35130	0.24950	0.22160	0.22330	Spectrum Read#12
H	0.32180	0.21680	0.20610	0.20560	0.32360	0.23260	0.21230	0.21250	0.35130	0.26380	0.22410	0.21080	Spectrum Read#12

Spectrum
Wavelength 13 (520 nm)
	1	2	3	4	5	6	7	8	9	10	11	12
A	0.46610	0.31750	0.22370	0.20920	0.47180	0.32560	0.23980	0.21610	0.46830	0.34360	0.27330	0.22750	Spectrum Read#13
B	0.45340	0.29620	0.21760	0.20950	0.45430	0.30790	0.22900	0.21670	0.46240	0.32940	0.26030	0.23210	Spectrum Read#13
C	0.43610	0.25830	0.21680	0.21110	0.44420	0.29940	0.22590	0.21430	0.45110	0.31520	0.25480	0.22930	Spectrum Read#13
D	0.41100	0.26390	0.21420	0.21210	0.42400	0.28780	0.23520	0.21650	0.43520	0.30810	0.25920	0.22680	Spectrum Read#13
E	0.39490	0.25040	0.21600	0.21080	0.40150	0.24530	0.22400	0.21580	0.41760	0.29480	0.25460	0.22330	Spectrum Read#13
F	0.38330	0.23550	0.21510	0.21090	0.36480	0.23760	0.21410	0.21520	0.39660	0.29320	0.24170	0.23190	Spectrum Read#13
G	0.35640	0.23280	0.21600	0.21320	0.37180	0.24050	0.22190	0.21580	0.37620	0.26280	0.23170	0.23300	Spectrum Read#13
H	0.34220	0.22520	0.21390	0.21350	0.34400	0.24230	0.22070	0.22050	0.37580	0.27810	0.23450	0.22000	Spectrum Read#13

Spectrum
Wavelength 14 (530 nm)
	1	2	3	4	5	6	7	8	9	10	11	12
A	0.48310	0.32850	0.22870	0.21410	0.48920	0.33500	0.24320	0.21940	0.48560	0.35580	0.28090	0.23220	Spectrum Read#14
B	0.47100	0.30590	0.22240	0.21450	0.47150	0.31610	0.23230	0.22000	0.48070	0.34070	0.26710	0.23720	Spectrum Read#14
C	0.45300	0.26600	0.22120	0.21610	0.46120	0.30660	0.22930	0.21770	0.46990	0.32530	0.26110	0.23440	Spectrum Read#14
D	0.42720	0.27140	0.21920	0.21710	0.44030	0.29400	0.23870	0.21970	0.45330	0.31790	0.26560	0.23130	Spectrum Read#14
E	0.41040	0.25700	0.22100	0.21600	0.41640	0.24960	0.22730	0.21920	0.43450	0.30370	0.26070	0.22790	Spectrum Read#14
F	0.39790	0.24090	0.21990	0.21570	0.37800	0.24140	0.21730	0.21870	0.41250	0.30200	0.24760	0.23680	Spectrum Read#14
G	0.36960	0.23810	0.22080	0.21830	0.38450	0.24390	0.22510	0.21920	0.39080	0.26990	0.23670	0.23740	Spectrum Read#14
H	0.35460	0.23020	0.21860	0.21830	0.35500	0.24600	0.22380	0.22410	0.39000	0.28550	0.23950	0.22440	Spectrum Read#14

Spectrum
Wavelength 15 (540 nm)
	1	2	3	4	5	6	7	8	9	10	11	12
A	0.47680	0.33410	0.23790	0.22420	0.48280	0.33970	0.25140	0.22830	0.47910	0.35950	0.28810	0.24070	Spectrum Read#15
B	0.46680	0.31210	0.23160	0.22460	0.46700	0.32160	0.24040	0.22900	0.47610	0.34500	0.27480	0.24540	Spectrum Read#15
C	0.45040	0.27270	0.23100	0.22630	0.45830	0.31320	0.23730	0.22680	0.46650	0.33060	0.26900	0.24240	Spectrum Read#15
D	0.42640	0.27870	0.22880	0.22730	0.43850	0.30110	0.24730	0.22880	0.45130	0.32350	0.27340	0.23980	Spectrum Read#15
E	0.41100	0.26490	0.23060	0.22610	0.41620	0.25650	0.23580	0.22850	0.43340	0.30980	0.26890	0.23650	Spectrum Read#15
F	0.39980	0.24920	0.22970	0.22610	0.37940	0.24850	0.22510	0.22790	0.41300	0.30850	0.25550	0.24530	Spectrum Read#15
G	0.37290	0.24680	0.23060	0.22880	0.38750	0.25150	0.23380	0.22830	0.39250	0.27670	0.24500	0.24620	Spectrum Read#15
H	0.35910	0.23880	0.22840	0.22890	0.35850	0.25370	0.23220	0.23310	0.39270	0.29260	0.24750	0.23290	Spectrum Read#15

Spectrum
Wavelength 16 (550 nm)
	1	2	3	4	5	6	7	8	9	10	11	12
A	0.45290	0.33620	0.25570	0.24340	0.45880	0.34360	0.26980	0.24770	0.45530	0.35930	0.29960	0.25710	Spectrum Read#16
B	0.44590	0.31740	0.25040	0.24420	0.44660	0.32850	0.25850	0.24890	0.45460	0.34740	0.28780	0.26090	Spectrum Read#16
C	0.43280	0.28170	0.24960	0.24580	0.44060	0.32320	0.25600	0.24650	0.44680	0.33570	0.28250	0.25830	Spectrum Read#16
D	0.41280	0.28970	0.24730	0.24710	0.42440	0.31430	0.26700	0.24860	0.43490	0.32920	0.28690	0.25640	Spectrum Read#16
E	0.40040	0.27810	0.24990	0.24590	0.40600	0.27090	0.25480	0.24850	0.41980	0.31730	0.28320	0.25360	Spectrum Read#16
F	0.39260	0.26390	0.24890	0.24620	0.37390	0.26400	0.24380	0.24780	0.40370	0.31670	0.27000	0.26230	Spectrum Read#16
G	0.36890	0.26310	0.25020	0.24890	0.38460	0.26870	0.25300	0.24870	0.38630	0.28760	0.26090	0.26410	Spectrum Read#16
H	0.35880	0.25540	0.24760	0.24860	0.35890	0.27100	0.25160	0.25300	0.38830	0.30420	0.26250	0.25030	Spectrum Read#16

Spectrum
Wavelength 17 (560 nm)
	1	2	3	4	5	6	7	8	9	10	11	12
A	0.41980	0.33310	0.27450	0.26410	0.42510	0.34190	0.28670	0.26620	0.42180	0.35250	0.30630	0.27000	Spectrum Read#17
B	0.41670	0.31760	0.27000	0.26490	0.41720	0.33120	0.27590	0.26760	0.42380	0.34360	0.29610	0.27330	Spectrum Read#17
C	0.40660	0.28740	0.26950	0.26700	0.41460	0.32910	0.27310	0.26600	0.41910	0.33520	0.29190	0.27050	Spectrum Read#17
D	0.39060	0.29700	0.26700	0.26840	0.40220	0.32410	0.28520	0.26770	0.41050	0.32920	0.29630	0.27020	Spectrum Read#17
E	0.38180	0.28900	0.27030	0.26720	0.38820	0.28300	0.27270	0.26790	0.39820	0.31950	0.29350	0.26780	Spectrum Read#17
F	0.37770	0.27790	0.26950	0.26740	0.36160	0.27780	0.26110	0.26700	0.38700	0.32000	0.28090	0.27590	Spectrum Read#17
G	0.35800	0.27920	0.27070	0.27080	0.37480	0.28400	0.27110	0.26810	0.37280	0.29400	0.27340	0.27880	Spectrum Read#17
H	0.35200	0.27250	0.26830	0.27060	0.35360	0.28690	0.27000	0.27280	0.37700	0.31100	0.27370	0.26460	Spectrum Read#17

Spectrum
Wavelength 18 (570 nm)
	1	2	3	4	5	6	7	8	9	10	11	12
A	0.37100	0.31760	0.28450	0.27670	0.37570	0.32780	0.29210	0.27380	0.37280	0.33160	0.29970	0.27070	Spectrum Read#18
B	0.37150	0.30650	0.28110	0.27800	0.37260	0.32090	0.28170	0.27550	0.37750	0.32590	0.29170	0.27300	Spectrum Read#18
C	0.36570	0.28300	0.28050	0.27960	0.37350	0.32230	0.27880	0.27440	0.37600	0.32070	0.28800	0.27040	Spectrum Read#18
D	0.35440	0.29430	0.27840	0.28130	0.36540	0.32130	0.29220	0.27540	0.37090	0.31530	0.29180	0.27080	Spectrum Read#18
E	0.34910	0.29040	0.28230	0.28010	0.35620	0.28430	0.27900	0.27610	0.36130	0.30790	0.29050	0.26920	Spectrum Read#18
F	0.34900	0.28310	0.28140	0.28060	0.33620	0.28080	0.26800	0.27540	0.35490	0.30920	0.27890	0.27650	Spectrum Read#18
G	0.33410	0.28640	0.28310	0.28440	0.35170	0.28810	0.27810	0.27690	0.34530	0.28720	0.27310	0.28040	Spectrum Read#18
H	0.33190	0.28120	0.28060	0.28410	0.33500	0.29120	0.27700	0.28120	0.35090	0.30430	0.27280	0.26620	Spectrum Read#18

Spectrum
Wavelength 19 (580 nm)
	1	2	3	4	5	6	7	8	9	10	11	12
A	0.29370	0.29880	0.30710	0.30230	0.29760	0.31260	0.31180	0.29620	0.29460	0.30600	0.30140	0.28520	Spectrum Read#19
B	0.29950	0.29500	0.30490	0.30390	0.30040	0.31320	0.30190	0.29800	0.30320	0.30610	0.29690	0.28590	Spectrum Read#19
C	0.29950	0.28280	0.30490	0.30580	0.30720	0.32110	0.29900	0.29750	0.30630	0.30720	0.29520	0.28360	Spectrum Read#19
D	0.29630	0.29730	0.30300	0.30770	0.30700	0.32720	0.31380	0.29840	0.30810	0.30370	0.29850	0.28580	Spectrum Read#19
E	0.29850	0.29980	0.30750	0.30650	0.30690	0.29580	0.30040	0.29940	0.30460	0.30030	0.29920	0.28540	Spectrum Read#19
F	0.30550	0.29780	0.30650	0.30710	0.29870	0.29520	0.28860	0.29860	0.30800	0.30360	0.28900	0.29170	Spectrum Read#19
G	0.29960	0.30500	0.30850	0.31100	0.31890	0.30570	0.29990	0.30040	0.30550	0.28830	0.28590	0.29780	Spectrum Read#19
H	0.30500	0.30120	0.30610	0.31040	0.31140	0.30900	0.29890	0.30450	0.31470	0.30580	0.28390	0.28320	Spectrum Read#19

Spectrum
Wavelength 20 (590 nm)
	1	2	3	4	5	6	7	8	9	10	11	12
A	0.20340	0.29600	0.37190	0.37030	0.20580	0.31920	0.38020	0.36670	0.20370	0.29770	0.34060	0.34450	Spectrum Read#20
B	0.21500	0.30420	0.37090	0.37200	0.21660	0.33350	0.36970	0.36940	0.21540	0.30870	0.34210	0.34280	Spectrum Read#20
C	0.22360	0.30910	0.37170	0.37510	0.23110	0.35450	0.36710	0.36880	0.22450	0.32080	0.34270	0.34060	Spectrum Read#20
D	0.23240	0.32980	0.36920	0.37700	0.24310	0.37370	0.38610	0.36970	0.23770	0.31970	0.34610	0.34670	Spectrum Read#20
E	0.24540	0.34300	0.37570	0.37590	0.25700	0.34890	0.37000	0.37140	0.24490	0.32330	0.35030	0.34810	Spectrum Read#20
F	0.26410	0.34960	0.37480	0.37660	0.26730	0.35300	0.35600	0.37030	0.26350	0.33030	0.34130	0.35370	Spectrum Read#20
G	0.27180	0.36320	0.37750	0.38060	0.29700	0.36920	0.37040	0.37180	0.27350	0.32510	0.34300	0.36380	Spectrum Read#20
H	0.29000	0.36150	0.37460	0.37920	0.30350	0.37380	0.36910	0.37670	0.29130	0.34560	0.33780	0.34640	Spectrum Read#20

Spectrum
Wavelength 21 (600 nm)
	1	2	3	4	5	6	7	8	9	10	11	12
A	0.13260	0.30200	0.44250	0.44340	0.13370	0.33460	0.45170	0.43830	0.13210	0.29930	0.38510	0.40580	Spectrum Read#21
B	0.14950	0.32060	0.44340	0.44590	0.15210	0.36150	0.44010	0.44140	0.14660	0.32020	0.39130	0.40220	Spectrum Read#21
C	0.16530	0.34130	0.44440	0.44920	0.17340	0.39360	0.43720	0.44090	0.16120	0.34220	0.39420	0.39970	Spectrum Read#21
D	0.18450	0.36860	0.44180	0.45170	0.19650	0.42520	0.46050	0.44250	0.18470	0.34310	0.39720	0.40920	Spectrum Read#21
E	0.20650	0.39210	0.44960	0.45020	0.22210	0.40550	0.44150	0.44430	0.20070	0.35290	0.40520	0.41240	Spectrum Read#21
F	0.23560	0.40730	0.44880	0.45130	0.24810	0.41390	0.42450	0.44300	0.23340	0.36370	0.39680	0.41760	Spectrum Read#21
G	0.25450	0.42750	0.45190	0.45600	0.28700	0.43610	0.44190	0.44440	0.25470	0.36670	0.40230	0.43130	Spectrum Read#21
H	0.28460	0.42760	0.44810	0.45360	0.30590	0.44170	0.44090	0.44960	0.27960	0.39070	0.39440	0.41070	Spectrum Read#21

Spectrum
Wavelength 22 (610 nm)
	1	2	3	4	5	6	7	8	9	10	11	12
A	0.09100	0.28460	0.44260	0.44470	0.09120	0.31760	0.44410	0.43150	0.09030	0.27570	0.36830	0.39240	Spectrum Read#22
B	0.11050	0.30620	0.44480	0.44730	0.11360	0.34650	0.43300	0.43470	0.10640	0.29780	0.37540	0.38790	Spectrum Read#22
C	0.12940	0.33190	0.44530	0.45030	0.13770	0.38050	0.43010	0.43400	0.12250	0.32140	0.37870	0.38570	Spectrum Read#22
D	0.15180	0.36020	0.44270	0.45300	0.16420	0.41420	0.45300	0.43540	0.14900	0.32270	0.38150	0.39560	Spectrum Read#22
E	0.17630	0.38670	0.45110	0.45150	0.19320	0.39680	0.43470	0.43690	0.16740	0.33380	0.38980	0.39890	Spectrum Read#22
F	0.20820	0.40460	0.44990	0.45260	0.22410	0.40650	0.41760	0.43570	0.20270	0.34460	0.38200	0.40280	Spectrum Read#22
G	0.23100	0.42620	0.45340	0.45760	0.26410	0.42890	0.43500	0.43720	0.22660	0.35030	0.38850	0.41720	Spectrum Read#22
H	0.26400	0.42720	0.44960	0.45540	0.28620	0.43460	0.43410	0.44270	0.25180	0.37310	0.38020	0.39730	Spectrum Read#22

Spectrum
Wavelength 23 (620 nm)
	1	2	3	4	5	6	7	8	9	10	11	12
A	0.06910	0.24890	0.38530	0.38750	0.06900	0.27810	0.39030	0.37870	0.06800	0.23860	0.31920	0.34060	Spectrum Read#23
B	0.08850	0.26800	0.38660	0.38920	0.09130	0.30430	0.38030	0.38110	0.08580	0.25800	0.32570	0.33670	Spectrum Read#23
C	0.10680	0.29060	0.38760	0.39190	0.11410	0.33390	0.37740	0.38040	0.10130	0.27860	0.32840	0.33480	Spectrum Read#23
D	0.12860	0.31500	0.38520	0.39410	0.13910	0.36330	0.39740	0.38180	0.12540	0.27980	0.33070	0.34310	Spectrum Read#23
E	0.15130	0.33760	0.39210	0.39320	0.16570	0.34870	0.38110	0.38330	0.14220	0.28950	0.33770	0.34580	Spectrum Read#23
F	0.18050	0.35270	0.39160	0.39370	0.19400	0.35720	0.36650	0.38190	0.17380	0.29880	0.33130	0.34930	Spectrum Read#23
G	0.20110	0.37130	0.39410	0.39800	0.22960	0.37680	0.38120	0.38310	0.19510	0.30370	0.33710	0.36180	Spectrum Read#23
H	0.23090	0.37220	0.39120	0.39630	0.25020	0.38140	0.38090	0.38840	0.21690	0.32360	0.32990	0.34470	Spectrum Read#23

Spectrum
Wavelength 24 (630 nm)
	1	2	3	4	5	6	7	8	9	10	11	12
A	0.05780	0.24490	0.38250	0.38430	0.05800	0.27460	0.39990	0.38970	0.05720	0.23890	0.32970	0.35620	Spectrum Read#24
B	0.07700	0.26470	0.38190	0.38590	0.07890	0.30320	0.39030	0.39200	0.07460	0.26020	0.33750	0.35180	Spectrum Read#24
C	0.09600	0.28830	0.38410	0.38960	0.10080	0.33570	0.38770	0.39100	0.09110	0.28310	0.34070	0.34950	Spectrum Read#24
D	0.11850	0.31210	0.38160	0.39070	0.12680	0.36730	0.40860	0.39320	0.11640	0.28520	0.34330	0.35920	Spectrum Read#24
E	0.14250	0.33520	0.38850	0.39040	0.15460	0.35560	0.39220	0.39430	0.13460	0.29610	0.35140	0.36260	Spectrum Read#24
F	0.17220	0.34950	0.38780	0.39040	0.18510	0.36480	0.37730	0.39270	0.16810	0.30640	0.34510	0.36630	Spectrum Read#24
G	0.19450	0.36820	0.39100	0.39390	0.22120	0.38510	0.39240	0.39370	0.19130	0.31370	0.35210	0.37940	Spectrum Read#24
H	0.22500	0.36930	0.38770	0.39130	0.24400	0.39020	0.39190	0.39930	0.21490	0.33450	0.34420	0.36170	Spectrum Read#24

Spectrum
Wavelength 25 (640 nm)
	1	2	3	4	5	6	7	8	9	10	11	12
A	0.05080	0.28000	0.45210	0.45380	0.05040	0.31940	0.48940	0.47850	0.05010	0.27900	0.40430	0.44310	Spectrum Read#25
B	0.07010	0.30630	0.44970	0.45500	0.07140	0.35780	0.47850	0.48130	0.06650	0.30770	0.41520	0.43730	Spectrum Read#25
C	0.09200	0.33670	0.45330	0.46100	0.09590	0.40070	0.47620	0.47980	0.08520	0.33850	0.42100	0.43540	Spectrum Read#25
D	0.11980	0.36550	0.45160	0.46120	0.12830	0.44270	0.50200	0.48320	0.11740	0.34240	0.42400	0.44780	Spectrum Read#25
E	0.14980	0.39420	0.45880	0.46190	0.16300	0.43140	0.48130	0.48400	0.14190	0.35840	0.43530	0.45240	Spectrum Read#25
F	0.18670	0.41160	0.45770	0.46090	0.20310	0.44420	0.46270	0.48250	0.18450	0.37230	0.42800	0.45680	Spectrum Read#25
G	0.21500	0.43360	0.46110	0.46360	0.24770	0.46950	0.48200	0.48170	0.21580	0.38430	0.43780	0.47350	Spectrum Read#25
H	0.25320	0.43600	0.45770	0.45940	0.27910	0.47690	0.48040	0.48860	0.24660	0.41000	0.42740	0.45120	Spectrum Read#25

Spectrum
Wavelength 26 (650 nm)
	1	2	3	4	5	6	7	8	9	10	11	12
A	0.04520	0.33570	0.55720	0.55930	0.04520	0.39720	0.63170	0.61820	0.04490	0.34870	0.52490	0.58070	Spectrum Read#26
B	0.06660	0.37050	0.55360	0.56050	0.06830	0.45030	0.61810	0.62200	0.06070	0.38910	0.54110	0.57270	Spectrum Read#26
C	0.09290	0.41040	0.55940	0.56860	0.09790	0.50910	0.61520	0.61900	0.08310	0.43190	0.54940	0.57050	Spectrum Read#26
D	0.12800	0.44690	0.55710	0.56800	0.14060	0.56610	0.64920	0.62420	0.12640	0.43790	0.55320	0.58770	Spectrum Read#26
E	0.16670	0.48390	0.56610	0.56920	0.18630	0.55390	0.62290	0.62510	0.16040	0.46090	0.56890	0.59390	Spectrum Read#26
F	0.21360	0.50620	0.56450	0.56770	0.24080	0.57170	0.59750	0.62290	0.21850	0.48020	0.56030	0.60030	Spectrum Read#26
G	0.25060	0.53410	0.56840	0.57030	0.29960	0.60520	0.62300	0.62160	0.26190	0.49930	0.57370	0.62210	Spectrum Read#26
H	0.29980	0.53710	0.56410	0.56370	0.34280	0.61510	0.62090	0.62990	0.30430	0.53270	0.55950	0.59300	Spectrum Read#26

Spectrum
Wavelength 27 (660 nm)
	1	2	3	4	5	6	7	8	9	10	11	12
A	0.04200	0.30560	0.49780	0.49830	0.04210	0.36150	0.55450	0.53930	0.04180	0.31980	0.47280	0.51790	Spectrum Read#27
B	0.06150	0.33550	0.49520	0.49950	0.06320	0.40700	0.54160	0.54210	0.05490	0.35580	0.48610	0.51120	Spectrum Read#27
C	0.08590	0.37030	0.49930	0.50580	0.09070	0.45650	0.53830	0.53880	0.07530	0.39350	0.49270	0.50870	Spectrum Read#27
D	0.11820	0.40280	0.49690	0.50600	0.13040	0.50480	0.56760	0.54370	0.11610	0.39810	0.49640	0.52330	Spectrum Read#27
E	0.15390	0.43500	0.50490	0.50630	0.17300	0.49000	0.54410	0.54390	0.14770	0.41770	0.50990	0.52820	Spectrum Read#27
F	0.19620	0.45420	0.50350	0.50540	0.22260	0.50400	0.52120	0.54180	0.20180	0.43450	0.50110	0.53410	Spectrum Read#27
G	0.23030	0.47830	0.50660	0.50800	0.27610	0.53260	0.54390	0.54060	0.24160	0.44970	0.51210	0.55320	Spectrum Read#27
H	0.27430	0.48050	0.50290	0.50290	0.31420	0.54050	0.54150	0.54860	0.27990	0.48020	0.50010	0.52720	Spectrum Read#27

Spectrum
Wavelength 28 (670 nm)
	1	2	3	4	5	6	7	8	9	10	11	12
A	0.03990	0.20250	0.30890	0.30790	0.03970	0.23120	0.32590	0.31410	0.03970	0.20130	0.27770	0.29610	Spectrum Read#28
B	0.05320	0.21850	0.30810	0.30880	0.05380	0.25470	0.31760	0.31560	0.04800	0.21990	0.28330	0.29310	Spectrum Read#28
C	0.06940	0.23690	0.30890	0.31190	0.07150	0.28050	0.31480	0.31360	0.06080	0.24000	0.28630	0.29140	Spectrum Read#28
D	0.09010	0.25650	0.30730	0.31280	0.09610	0.30560	0.33130	0.31590	0.08540	0.24130	0.28820	0.29820	Spectrum Read#28
E	0.11210	0.27430	0.31240	0.31210	0.12200	0.29310	0.31740	0.31610	0.10370	0.25090	0.29480	0.30060	Spectrum Read#28
F	0.13820	0.28490	0.31150	0.31190	0.15140	0.29940	0.30500	0.31490	0.13540	0.25960	0.28890	0.30390	Spectrum Read#28
G	0.15900	0.29880	0.31330	0.31460	0.18350	0.31520	0.31720	0.31450	0.15790	0.26490	0.29410	0.31410	Spectrum Read#28
H	0.18590	0.29890	0.31070	0.31280	0.20500	0.31920	0.31600	0.31950	0.17880	0.28230	0.28800	0.29950	Spectrum Read#28

Spectrum
Wavelength 29 (680 nm)
	1	2	3	4	5	6	7	8	9	10	11	12
A	0.03900	0.11980	0.16880	0.16830	0.03860	0.13170	0.17250	0.16630	0.03850	0.11440	0.14580	0.15230	Spectrum Read#29
B	0.04610	0.12670	0.16950	0.16900	0.04600	0.14160	0.16810	0.16740	0.04300	0.12240	0.14810	0.15130	Spectrum Read#29
C	0.05510	0.13470	0.16880	0.16990	0.05470	0.15310	0.16630	0.16660	0.04980	0.13090	0.14900	0.15030	Spectrum Read#29
D	0.06540	0.14430	0.16770	0.17150	0.06680	0.16430	0.17420	0.16690	0.06160	0.13140	0.15000	0.15300	Spectrum Read#29
E	0.07630	0.15260	0.17060	0.17010	0.07940	0.15760	0.16750	0.16730	0.07000	0.13490	0.15250	0.15380	Spectrum Read#29
F	0.08890	0.15770	0.17010	0.17040	0.09350	0.16020	0.16330	0.16720	0.08460	0.13860	0.14950	0.15520	Spectrum Read#29
G	0.09920	0.16460	0.17140	0.17220	0.10850	0.16810	0.16780	0.16770	0.09490	0.13980	0.15180	0.16010	Spectrum Read#29
H	0.11310	0.16440	0.17000	0.17330	0.11930	0.16950	0.16750	0.17000	0.10380	0.14810	0.14940	0.15360	Spectrum Read#29

Spectrum
Wavelength 30 (690 nm)
	1	2	3	4	5	6	7	8	9	10	11	12
A	0.03800	0.07490	0.09720	0.09720	0.03760	0.07930	0.09680	0.09440	0.03740	0.07100	0.08310	0.08570	Spectrum Read#30
B	0.04140	0.07760	0.09830	0.09770	0.04090	0.08280	0.09490	0.09560	0.04010	0.07370	0.08400	0.08550	Spectrum Read#30
C	0.04570	0.08100	0.09720	0.09800	0.04520	0.08800	0.09380	0.09510	0.04340	0.07730	0.08440	0.08500	Spectrum Read#30
D	0.05040	0.08550	0.09660	0.09940	0.05040	0.09260	0.09780	0.09500	0.04830	0.07720	0.08520	0.08610	Spectrum Read#30
E	0.05510	0.08940	0.09800	0.09810	0.05590	0.08970	0.09470	0.09520	0.05200	0.07850	0.08600	0.08670	Spectrum Read#30
F	0.06080	0.09190	0.09810	0.09830	0.06200	0.09120	0.09470	0.09550	0.05800	0.08020	0.08430	0.08680	Spectrum Read#30
G	0.06540	0.09520	0.09870	0.09970	0.06820	0.09490	0.09540	0.09650	0.06220	0.08050	0.08600	0.08950	Spectrum Read#30
H	0.07300	0.09540	0.09810	0.10180	0.07390	0.09550	0.09530	0.09730	0.06520	0.08430	0.08530	0.08710	Spectrum Read#30

Spectrum
Wavelength 31 (700 nm)
	1	2	3	4	5	6	7	8	9	10	11	12
A	0.03720	0.05440	0.06430	0.06460	0.03720	0.05630	0.06380	0.06300	0.03720	0.05220	0.05670	0.05830	Spectrum Read#31
B	0.03910	0.05500	0.06540	0.06500	0.03880	0.05700	0.06310	0.06400	0.03880	0.05280	0.05730	0.05820	Spectrum Read#31
C	0.04160	0.05660	0.06410	0.06490	0.04090	0.05940	0.06250	0.06410	0.04050	0.05460	0.05750	0.05830	Spectrum Read#31
D	0.04330	0.05880	0.06420	0.06620	0.04310	0.06110	0.06470	0.06370	0.04270	0.05450	0.05800	0.05870	Spectrum Read#31
E	0.04560	0.06050	0.06510	0.06490	0.04530	0.06050	0.06310	0.06390	0.04410	0.05490	0.05860	0.05920	Spectrum Read#31
F	0.04750	0.06190	0.06480	0.06530	0.04800	0.06120	0.06490	0.06430	0.04630	0.05570	0.05760	0.05900	Spectrum Read#31
G	0.05000	0.06380	0.06570	0.06600	0.05020	0.06270	0.06360	0.06510	0.04830	0.05560	0.05880	0.06030	Spectrum Read#31
H	0.05440	0.06370	0.06480	0.06850	0.05350	0.06330	0.06370	0.06510	0.04900	0.05760	0.05860	0.05950	Spectrum Read#31

