Spectrum
Wavelength 1 (400 nm)
	1	2	3	4	5	6	7	8	9	10	11	12
A	0.26100	0.23160	0.23850	0.23350	0.26280	0.25220	0.23980	0.23370	0.26130	0.25330	0.25080	0.23810	Spectrum Read#1
B	0.25490	0.23420	0.23850	0.23480	0.25520	0.25370	0.23980	0.23570	0.25870	0.25530	0.24980	0.24110	Spectrum Read#1
C	0.24660	0.22420	0.23920	0.23660	0.25600	0.26010	0.23780	0.23480	0.25380	0.25820	0.24610	0.23920	Spectrum Read#1
D	0.23960	0.23710	0.23660	0.23710	0.25300	0.26640	0.24240	0.23650	0.25380	0.25380	0.24210	0.24090	Spectrum Read#1
E	0.23940	0.23840	0.23910	0.23720	0.25000	0.23970	0.23890	0.23620	0.25130	0.25280	0.24340	0.23980	Spectrum Read#1
F	0.23420	0.23670	0.23820	0.23670	0.24320	0.23800	0.22810	0.23590	0.25490	0.25570	0.24100	0.24000	Spectrum Read#1
G	0.23250	0.24010	0.23980	0.23780	0.25720	0.24550	0.23840	0.23540	0.25360	0.24330	0.24060	0.24620	Spectrum Read#1
H	0.23140	0.23680	0.23690	0.23400	0.24780	0.24570	0.23620	0.23530	0.26050	0.25270	0.24070	0.23840	Spectrum Read#1

Spectrum
Wavelength 2 (410 nm)
	1	2	3	4	5	6	7	8	9	10	11	12
A	0.25120	0.23100	0.24690	0.24250	0.25290	0.25360	0.24960	0.24340	0.25140	0.25120	0.25520	0.24560	Spectrum Read#2
B	0.24490	0.23500	0.24730	0.24390	0.24490	0.25700	0.24920	0.24530	0.24690	0.25440	0.25530	0.24820	Spectrum Read#2
C	0.23640	0.22720	0.24820	0.24590	0.24550	0.26520	0.24730	0.24470	0.24150	0.25890	0.25160	0.24640	Spectrum Read#2
D	0.23060	0.24110	0.24570	0.24660	0.24410	0.27310	0.25210	0.24610	0.24260	0.25480	0.24740	0.24830	Spectrum Read#2
E	0.23150	0.24380	0.24840	0.24660	0.24310	0.24730	0.24850	0.24600	0.24130	0.25500	0.24910	0.24770	Spectrum Read#2
F	0.22850	0.24330	0.24720	0.24600	0.23910	0.24630	0.23720	0.24600	0.24710	0.25850	0.24710	0.24750	Spectrum Read#2
G	0.22840	0.24800	0.24900	0.24750	0.25410	0.25460	0.24790	0.24540	0.24790	0.24750	0.24770	0.25430	Spectrum Read#2
H	0.22880	0.24490	0.24610	0.24350	0.24710	0.25480	0.24610	0.24510	0.25600	0.25710	0.24750	0.24620	Spectrum Read#2

Spectrum
Wavelength 3 (420 nm)
	1	2	3	4	5	6	7	8	9	10	11	12
A	0.24390	0.23690	0.26480	0.26110	0.24540	0.26370	0.27020	0.26490	0.24410	0.25710	0.27010	0.26380	Spectrum Read#3
B	0.23730	0.24320	0.26550	0.26250	0.23760	0.26940	0.27040	0.26700	0.23850	0.26240	0.27120	0.26640	Spectrum Read#3
C	0.23010	0.23790	0.26670	0.26480	0.23940	0.28040	0.26820	0.26620	0.23320	0.26890	0.26780	0.26420	Spectrum Read#3
D	0.22570	0.25330	0.26380	0.26520	0.23980	0.29090	0.27360	0.26780	0.23650	0.26530	0.26300	0.26700	Spectrum Read#3
E	0.22870	0.25820	0.26700	0.26530	0.24170	0.26550	0.27000	0.26760	0.23690	0.26660	0.26550	0.26650	Spectrum Read#3
F	0.22790	0.25900	0.26570	0.26500	0.24070	0.26520	0.25740	0.26740	0.24590	0.27080	0.26410	0.26590	Spectrum Read#3
G	0.22980	0.26480	0.26760	0.26630	0.25870	0.27530	0.26940	0.26670	0.24910	0.26180	0.26570	0.27390	Spectrum Read#3
H	0.23250	0.26180	0.26470	0.26210	0.25400	0.27580	0.26760	0.26680	0.25890	0.27190	0.26490	0.26530	Spectrum Read#3

Spectrum
Wavelength 4 (430 nm)
	1	2	3	4	5	6	7	8	9	10	11	12
A	0.24320	0.22880	0.25120	0.24710	0.24480	0.25650	0.25830	0.25290	0.24330	0.24830	0.25750	0.25040	Spectrum Read#4
B	0.23560	0.23390	0.25180	0.24840	0.23610	0.26110	0.25820	0.25480	0.23670	0.25250	0.25810	0.25260	Spectrum Read#4
C	0.22730	0.22760	0.25250	0.25070	0.23690	0.27080	0.25610	0.25400	0.23010	0.25830	0.25480	0.25040	Spectrum Read#4
D	0.22230	0.24190	0.24980	0.25100	0.23690	0.27980	0.26120	0.25550	0.23230	0.25440	0.25050	0.25280	Spectrum Read#4
E	0.22440	0.24590	0.25270	0.25120	0.23790	0.25480	0.25740	0.25540	0.23200	0.25530	0.25230	0.25220	Spectrum Read#4
F	0.22250	0.24610	0.25160	0.25060	0.23620	0.25410	0.24550	0.25510	0.23950	0.25910	0.25080	0.25200	Spectrum Read#4
G	0.22330	0.25120	0.25340	0.25210	0.25290	0.26370	0.25700	0.25430	0.24200	0.24940	0.25180	0.25930	Spectrum Read#4
H	0.22520	0.24810	0.25050	0.24860	0.24780	0.26370	0.25540	0.25440	0.25080	0.25930	0.25150	0.25120	Spectrum Read#4

Spectrum
Wavelength 5 (440 nm)
	1	2	3	4	5	6	7	8	9	10	11	12
A	0.24840	0.21550	0.22570	0.22150	0.25000	0.24210	0.23580	0.23000	0.24870	0.23670	0.23910	0.22960	Spectrum Read#5
B	0.23850	0.21800	0.22620	0.22300	0.23880	0.24450	0.23560	0.23200	0.23940	0.23920	0.23880	0.23220	Spectrum Read#5
C	0.22820	0.20960	0.22680	0.22450	0.23760	0.25190	0.23340	0.23140	0.23080	0.24280	0.23530	0.23020	Spectrum Read#5
D	0.22050	0.22200	0.22400	0.22490	0.23480	0.25880	0.23790	0.23250	0.23060	0.23900	0.23130	0.23210	Spectrum Read#5
E	0.22040	0.22380	0.22660	0.22490	0.23340	0.23420	0.23460	0.23230	0.22860	0.23890	0.23300	0.23100	Spectrum Read#5
F	0.21600	0.22280	0.22570	0.22470	0.22850	0.23280	0.22360	0.23240	0.23350	0.24190	0.23110	0.23120	Spectrum Read#5
G	0.21480	0.22690	0.22740	0.22620	0.24290	0.24100	0.23400	0.23180	0.23400	0.23180	0.23170	0.23780	Spectrum Read#5
H	0.21420	0.22360	0.22470	0.22300	0.23590	0.24100	0.23280	0.23180	0.24090	0.24080	0.23150	0.23030	Spectrum Read#5

Spectrum
Wavelength 6 (450 nm)
	1	2	3	4	5	6	7	8	9	10	11	12
A	0.25940	0.20950	0.20950	0.20490	0.26110	0.23520	0.22190	0.21580	0.25960	0.23250	0.22890	0.21740	Spectrum Read#6
B	0.24790	0.20980	0.20960	0.20610	0.24750	0.23540	0.22130	0.21780	0.24830	0.23340	0.22790	0.22010	Spectrum Read#6
C	0.23530	0.19940	0.20990	0.20740	0.24400	0.24100	0.21950	0.21740	0.23760	0.23560	0.22410	0.21810	Spectrum Read#6
D	0.22510	0.21000	0.20740	0.20800	0.23890	0.24600	0.22350	0.21810	0.23510	0.23140	0.22070	0.21960	Spectrum Read#6
E	0.22250	0.21050	0.20960	0.20790	0.23510	0.22160	0.22040	0.21810	0.23170	0.23070	0.22150	0.21860	Spectrum Read#6
F	0.21610	0.20810	0.20890	0.20780	0.22740	0.21980	0.21030	0.21790	0.23420	0.23300	0.21960	0.21850	Spectrum Read#6
G	0.21260	0.21110	0.21040	0.20920	0.23950	0.22700	0.21980	0.21750	0.23280	0.22210	0.21960	0.22460	Spectrum Read#6
H	0.20990	0.20770	0.20790	0.20640	0.23080	0.22700	0.21840	0.21780	0.23820	0.23060	0.21990	0.21760	Spectrum Read#6

Spectrum
Wavelength 7 (460 nm)
	1	2	3	4	5	6	7	8	9	10	11	12
A	0.27520	0.21250	0.20450	0.19930	0.27690	0.23760	0.21790	0.21150	0.27560	0.23670	0.22710	0.21330	Spectrum Read#7
B	0.26280	0.21160	0.20440	0.20060	0.26260	0.23620	0.21710	0.21330	0.26330	0.23610	0.22540	0.21620	Spectrum Read#7
C	0.24880	0.19890	0.20470	0.20210	0.25760	0.24050	0.21520	0.21240	0.25120	0.23680	0.22150	0.21420	Spectrum Read#7
D	0.23650	0.20870	0.20190	0.20230	0.25050	0.24410	0.21890	0.21350	0.24710	0.23270	0.21820	0.21540	Spectrum Read#7
E	0.23270	0.20800	0.20410	0.20220	0.24410	0.21840	0.21570	0.21350	0.24260	0.23070	0.21880	0.21400	Spectrum Read#7
F	0.22380	0.20490	0.20350	0.20200	0.23410	0.21630	0.20570	0.21330	0.24260	0.23280	0.21640	0.21460	Spectrum Read#7
G	0.21870	0.20740	0.20490	0.20320	0.24510	0.22290	0.21530	0.21260	0.23940	0.22040	0.21590	0.22020	Spectrum Read#7
H	0.21450	0.20340	0.20240	0.20040	0.23480	0.22300	0.21380	0.21300	0.24420	0.22880	0.21670	0.21330	Spectrum Read#7

Spectrum
Wavelength 8 (470 nm)
	1	2	3	4	5	6	7	8	9	10	11	12
A	0.29650	0.22000	0.20090	0.19470	0.29840	0.24420	0.21340	0.20640	0.29690	0.24460	0.22610	0.20820	Spectrum Read#8
B	0.28430	0.21690	0.20030	0.19570	0.28420	0.24020	0.21270	0.20820	0.28560	0.24210	0.22330	0.21180	Spectrum Read#8
C	0.26910	0.20100	0.20030	0.19710	0.27840	0.24250	0.21070	0.20710	0.27310	0.24080	0.21880	0.20950	Spectrum Read#8
D	0.25480	0.21050	0.19750	0.19700	0.26930	0.24370	0.21410	0.20800	0.26670	0.23610	0.21580	0.20990	Spectrum Read#8
E	0.24870	0.20780	0.19960	0.19710	0.26040	0.21640	0.21090	0.20780	0.26010	0.23260	0.21530	0.20850	Spectrum Read#8
F	0.23740	0.20300	0.19870	0.19670	0.24660	0.21330	0.20090	0.20770	0.25740	0.23420	0.21290	0.20920	Spectrum Read#8
G	0.23000	0.20470	0.20040	0.19790	0.25620	0.21910	0.21020	0.20690	0.25220	0.21950	0.21090	0.21430	Spectrum Read#8
H	0.22390	0.20030	0.19780	0.19520	0.24360	0.21910	0.20890	0.20750	0.25540	0.22760	0.21230	0.20730	Spectrum Read#8

Spectrum
Wavelength 9 (480 nm)
	1	2	3	4	5	6	7	8	9	10	11	12
A	0.32480	0.23020	0.19690	0.18950	0.32720	0.25220	0.20780	0.19900	0.32540	0.25580	0.22510	0.20200	Spectrum Read#9
B	0.31290	0.22480	0.19570	0.19040	0.31330	0.24550	0.20650	0.20070	0.31590	0.25050	0.22060	0.20580	Spectrum Read#9
C	0.29610	0.20500	0.19570	0.19160	0.30650	0.24500	0.20460	0.19950	0.30240	0.24650	0.21550	0.20350	Spectrum Read#9
D	0.27920	0.21310	0.19300	0.19170	0.29420	0.24360	0.20780	0.20080	0.29380	0.24090	0.21260	0.20320	Spectrum Read#9
E	0.27110	0.20830	0.19450	0.19160	0.28210	0.21370	0.20440	0.20030	0.28420	0.23560	0.21150	0.20140	Spectrum Read#9
F	0.25600	0.20190	0.19370	0.19110	0.26320	0.20940	0.19420	0.20020	0.27750	0.23630	0.20810	0.20260	Spectrum Read#9
G	0.24590	0.20220	0.19520	0.19230	0.27150	0.21440	0.20330	0.19930	0.26910	0.21870	0.20510	0.20650	Spectrum Read#9
H	0.23660	0.19680	0.19280	0.18980	0.25480	0.21420	0.20180	0.20010	0.27030	0.22650	0.20720	0.19990	Spectrum Read#9

Spectrum
Wavelength 10 (490 nm)
	1	2	3	4	5	6	7	8	9	10	11	12
A	0.36310	0.24740	0.19830	0.18950	0.36560	0.26670	0.20660	0.19630	0.36380	0.27380	0.22950	0.20020	Spectrum Read#10
B	0.35060	0.23970	0.19660	0.19030	0.35090	0.25650	0.20500	0.19750	0.35530	0.26570	0.22350	0.20500	Spectrum Read#10
C	0.33210	0.21440	0.19660	0.19170	0.34350	0.25340	0.20300	0.19620	0.34160	0.25870	0.21720	0.20230	Spectrum Read#10
D	0.31210	0.22220	0.19350	0.19150	0.32800	0.24880	0.20570	0.19770	0.32990	0.25220	0.21460	0.20130	Spectrum Read#10
E	0.30120	0.21510	0.19510	0.19140	0.31210	0.21550	0.20220	0.19720	0.31720	0.24450	0.21280	0.19880	Spectrum Read#10
F	0.28240	0.20590	0.19390	0.19110	0.28770	0.20990	0.19180	0.19690	0.30590	0.24420	0.20860	0.20070	Spectrum Read#10
G	0.26940	0.20540	0.19520	0.19190	0.29390	0.21400	0.20060	0.19610	0.29340	0.22290	0.20370	0.20390	Spectrum Read#10
H	0.25650	0.19910	0.19280	0.18940	0.27320	0.21380	0.19920	0.19690	0.29270	0.23090	0.20670	0.19700	Spectrum Read#10

Spectrum
Wavelength 11 (500 nm)
	1	2	3	4	5	6	7	8	9	10	11	12
A	0.40220	0.26610	0.20170	0.19130	0.40490	0.28370	0.20900	0.19740	0.40260	0.29420	0.23780	0.20240	Spectrum Read#11
B	0.38900	0.25580	0.19900	0.19230	0.38950	0.27040	0.20700	0.19830	0.39570	0.28380	0.23000	0.20790	Spectrum Read#11
C	0.36880	0.22580	0.19900	0.19350	0.38170	0.26480	0.20470	0.19680	0.38150	0.27360	0.22280	0.20520	Spectrum Read#11
D	0.34610	0.23300	0.19630	0.19330	0.36320	0.25760	0.20720	0.19860	0.36750	0.26650	0.22030	0.20320	Spectrum Read#11
E	0.33300	0.22350	0.19730	0.19330	0.34370	0.22090	0.20340	0.19770	0.35170	0.25690	0.21760	0.20020	Spectrum Read#11
F	0.31000	0.21220	0.19610	0.19260	0.31370	0.21400	0.19260	0.19740	0.33630	0.25580	0.21310	0.20250	Spectrum Read#11
G	0.29430	0.20990	0.19730	0.19360	0.31870	0.21720	0.20170	0.19650	0.32050	0.23120	0.20670	0.20540	Spectrum Read#11
H	0.27820	0.20290	0.19480	0.19110	0.29360	0.21680	0.20000	0.19720	0.31790	0.23880	0.21010	0.19860	Spectrum Read#11

Spectrum
Wavelength 12 (510 nm)
	1	2	3	4	5	6	7	8	9	10	11	12
A	0.43850	0.28640	0.20870	0.19720	0.44160	0.30420	0.21720	0.20400	0.43940	0.31770	0.25090	0.21050	Spectrum Read#12
B	0.42540	0.27380	0.20540	0.19800	0.42580	0.28820	0.21490	0.20500	0.43370	0.30520	0.24180	0.21650	Spectrum Read#12
C	0.40380	0.23950	0.20560	0.19950	0.41740	0.28100	0.21240	0.20340	0.41980	0.29290	0.23400	0.21380	Spectrum Read#12
D	0.37880	0.24660	0.20220	0.19890	0.39700	0.27140	0.21490	0.20530	0.40380	0.28490	0.23120	0.21130	Spectrum Read#12
E	0.36360	0.23470	0.20320	0.19920	0.37470	0.23130	0.21090	0.20460	0.38560	0.27350	0.22780	0.20780	Spectrum Read#12
F	0.33740	0.22130	0.20210	0.19850	0.34040	0.22340	0.19930	0.20400	0.36740	0.27220	0.22270	0.21060	Spectrum Read#12
G	0.31920	0.21800	0.20350	0.19900	0.34480	0.22590	0.20890	0.20290	0.34870	0.24420	0.21510	0.21250	Spectrum Read#12
H	0.30060	0.21030	0.20050	0.19640	0.31620	0.22600	0.20710	0.20390	0.34530	0.25220	0.21920	0.20580	Spectrum Read#12

Spectrum
Wavelength 13 (520 nm)
	1	2	3	4	5	6	7	8	9	10	11	12
A	0.46880	0.30370	0.21640	0.20470	0.47210	0.32180	0.22550	0.21170	0.46960	0.33850	0.26400	0.21960	Spectrum Read#13
B	0.45530	0.28980	0.21300	0.20540	0.45590	0.30410	0.22360	0.21300	0.46500	0.32430	0.25400	0.22610	Spectrum Read#13
C	0.43280	0.25170	0.21300	0.20720	0.44760	0.29540	0.22090	0.21100	0.45170	0.31040	0.24530	0.22310	Spectrum Read#13
D	0.40580	0.25920	0.20980	0.20650	0.42500	0.28430	0.22340	0.21280	0.43480	0.30170	0.24260	0.22020	Spectrum Read#13
E	0.38920	0.24590	0.21110	0.20650	0.40070	0.24140	0.21940	0.21200	0.41410	0.28910	0.23850	0.21640	Spectrum Read#13
F	0.36040	0.23070	0.20950	0.20580	0.36320	0.23270	0.20690	0.21190	0.39380	0.28730	0.23290	0.21960	Spectrum Read#13
G	0.34030	0.22710	0.21080	0.20650	0.36710	0.23520	0.21700	0.21060	0.37300	0.25670	0.22470	0.22120	Spectrum Read#13
H	0.31950	0.21830	0.20800	0.20390	0.33580	0.23500	0.21480	0.21160	0.36880	0.26510	0.22910	0.21420	Spectrum Read#13

Spectrum
Wavelength 14 (530 nm)
	1	2	3	4	5	6	7	8	9	10	11	12
A	0.48660	0.31510	0.22220	0.21010	0.49010	0.33230	0.22970	0.21580	0.48730	0.35120	0.27190	0.22510	Spectrum Read#14
B	0.47370	0.30040	0.21870	0.21120	0.47390	0.31310	0.22760	0.21690	0.48410	0.33630	0.26120	0.23160	Spectrum Read#14
C	0.45050	0.26020	0.21870	0.21250	0.46560	0.30340	0.22490	0.21520	0.47110	0.32160	0.25210	0.22840	Spectrum Read#14
D	0.42310	0.26750	0.21550	0.21220	0.44190	0.29130	0.22750	0.21700	0.45360	0.31230	0.24930	0.22540	Spectrum Read#14
E	0.40540	0.25320	0.21660	0.21220	0.41640	0.24650	0.22350	0.21610	0.43170	0.29870	0.24500	0.22160	Spectrum Read#14
F	0.37510	0.23730	0.21510	0.21160	0.37700	0.23750	0.21070	0.21600	0.41040	0.29660	0.23890	0.22500	Spectrum Read#14
G	0.35400	0.23300	0.21640	0.21250	0.38060	0.23960	0.22100	0.21460	0.38840	0.26470	0.23030	0.22630	Spectrum Read#14
H	0.33220	0.22420	0.21340	0.20960	0.34760	0.23940	0.21890	0.21560	0.38340	0.27310	0.23460	0.21930	Spectrum Read#14

Spectrum
Wavelength 15 (540 nm)
	1	2	3	4	5	6	7	8	9	10	11	12
A	0.48000	0.32040	0.23140	0.22020	0.48340	0.33690	0.23760	0.22470	0.48100	0.35510	0.27940	0.23340	Spectrum Read#15
B	0.46940	0.30670	0.22800	0.22130	0.46920	0.31880	0.23580	0.22590	0.47930	0.34070	0.26890	0.24000	Spectrum Read#15
C	0.44790	0.26710	0.22830	0.22290	0.46240	0.30990	0.23300	0.22430	0.46820	0.32680	0.25950	0.23660	Spectrum Read#15
D	0.42230	0.27510	0.22500	0.22240	0.44040	0.29850	0.23590	0.22590	0.45140	0.31800	0.25690	0.23400	Spectrum Read#15
E	0.40630	0.26150	0.22640	0.22240	0.41640	0.25350	0.23190	0.22550	0.43080	0.30500	0.25250	0.23020	Spectrum Read#15
F	0.37720	0.24560	0.22500	0.22200	0.37860	0.24460	0.21910	0.22500	0.41120	0.30320	0.24680	0.23320	Spectrum Read#15
G	0.35740	0.24160	0.22630	0.22300	0.38330	0.24730	0.22980	0.22400	0.38990	0.27150	0.23830	0.23500	Spectrum Read#15
H	0.33670	0.23290	0.22340	0.22000	0.35130	0.24730	0.22760	0.22470	0.38630	0.28040	0.24250	0.22780	Spectrum Read#15

Spectrum
Wavelength 16 (550 nm)
	1	2	3	4	5	6	7	8	9	10	11	12
A	0.45610	0.32270	0.24910	0.23970	0.45950	0.34070	0.25530	0.24470	0.45690	0.35500	0.29110	0.24980	Spectrum Read#16
B	0.44870	0.31180	0.24630	0.24090	0.44860	0.32600	0.25410	0.24580	0.45770	0.34350	0.28210	0.25620	Spectrum Read#16
C	0.43080	0.27590	0.24710	0.24250	0.44460	0.32020	0.25160	0.24430	0.44820	0.33230	0.27320	0.25260	Spectrum Read#16
D	0.40880	0.28570	0.24390	0.24220	0.42650	0.31160	0.25450	0.24580	0.43510	0.32420	0.26980	0.25090	Spectrum Read#16
E	0.39600	0.27440	0.24560	0.24260	0.40600	0.26790	0.25110	0.24550	0.41740	0.31270	0.26670	0.24730	Spectrum Read#16
F	0.37080	0.26040	0.24430	0.24200	0.37320	0.26030	0.23760	0.24540	0.40190	0.31210	0.26130	0.25000	Spectrum Read#16
G	0.35370	0.25830	0.24590	0.24330	0.38070	0.26460	0.24880	0.24400	0.38400	0.28260	0.25430	0.25220	Spectrum Read#16
H	0.33640	0.24960	0.24280	0.24050	0.35210	0.26490	0.24700	0.24490	0.38240	0.29210	0.25770	0.24530	Spectrum Read#16

Spectrum
Wavelength 17 (560 nm)
	1	2	3	4	5	6	7	8	9	10	11	12
A	0.42300	0.32000	0.26780	0.26060	0.42600	0.33950	0.27200	0.26340	0.42340	0.34870	0.29830	0.26310	Spectrum Read#17
B	0.41930	0.31230	0.26650	0.26210	0.41920	0.32840	0.27140	0.26510	0.42710	0.34020	0.29120	0.26860	Spectrum Read#17
C	0.40500	0.28180	0.26690	0.26380	0.41870	0.32610	0.26910	0.26370	0.42050	0.33220	0.28300	0.26520	Spectrum Read#17
D	0.38710	0.29360	0.26350	0.26400	0.40440	0.32140	0.27280	0.26510	0.41080	0.32490	0.27920	0.26460	Spectrum Read#17
E	0.37800	0.28570	0.26620	0.26390	0.38860	0.28060	0.26910	0.26510	0.39580	0.31530	0.27700	0.26150	Spectrum Read#17
F	0.35680	0.27440	0.26480	0.26380	0.36090	0.27450	0.25510	0.26480	0.38550	0.31560	0.27250	0.26360	Spectrum Read#17
G	0.34380	0.27460	0.26680	0.26520	0.37080	0.28030	0.26730	0.26390	0.37120	0.28940	0.26690	0.26720	Spectrum Read#17
H	0.33010	0.26680	0.26360	0.26230	0.34680	0.28080	0.26530	0.26440	0.37170	0.29930	0.26960	0.26000	Spectrum Read#17

Spectrum
Wavelength 18 (570 nm)
	1	2	3	4	5	6	7	8	9	10	11	12
A	0.37330	0.30460	0.27720	0.27230	0.37590	0.32510	0.27690	0.27050	0.37360	0.32770	0.29130	0.26360	Spectrum Read#18
B	0.37340	0.30080	0.27770	0.27430	0.37430	0.31800	0.27690	0.27270	0.38030	0.32220	0.28630	0.26820	Spectrum Read#18
C	0.36340	0.27700	0.27790	0.27620	0.37690	0.31890	0.27480	0.27200	0.37720	0.31730	0.27910	0.26480	Spectrum Read#18
D	0.35060	0.29060	0.27460	0.27680	0.36670	0.31850	0.27870	0.27270	0.37090	0.31070	0.27500	0.26490	Spectrum Read#18
E	0.34500	0.28640	0.27800	0.27660	0.35630	0.28110	0.27500	0.27320	0.35910	0.30360	0.27380	0.26300	Spectrum Read#18
F	0.32910	0.27940	0.27640	0.27670	0.33520	0.27670	0.26180	0.27300	0.35330	0.30460	0.27020	0.26380	Spectrum Read#18
G	0.32030	0.28150	0.27850	0.27840	0.34800	0.28440	0.27400	0.27240	0.34290	0.28250	0.26670	0.26860	Spectrum Read#18
H	0.31150	0.27500	0.27550	0.27560	0.32820	0.28480	0.27240	0.27260	0.34500	0.29240	0.26790	0.26130	Spectrum Read#18

Spectrum
Wavelength 19 (580 nm)
	1	2	3	4	5	6	7	8	9	10	11	12
A	0.29580	0.28640	0.29990	0.29840	0.29820	0.31000	0.29620	0.29300	0.29600	0.30200	0.29330	0.27830	Spectrum Read#19
B	0.30110	0.28970	0.30180	0.30080	0.30160	0.31060	0.29740	0.29570	0.30590	0.30270	0.29200	0.28130	Spectrum Read#19
C	0.29770	0.27720	0.30280	0.30270	0.30980	0.31820	0.29510	0.29530	0.30690	0.30380	0.28630	0.27850	Spectrum Read#19
D	0.29310	0.29360	0.29930	0.30340	0.30770	0.32440	0.30010	0.29590	0.30810	0.29900	0.28180	0.28060	Spectrum Read#19
E	0.29450	0.29590	0.30320	0.30310	0.30660	0.29320	0.29660	0.29660	0.30260	0.29630	0.28250	0.27960	Spectrum Read#19
F	0.28800	0.29430	0.30200	0.30330	0.29820	0.29160	0.28300	0.29630	0.30630	0.29930	0.28070	0.27910	Spectrum Read#19
G	0.28710	0.30010	0.30470	0.30550	0.31560	0.30160	0.29620	0.29620	0.30360	0.28390	0.27980	0.28590	Spectrum Read#19
H	0.28610	0.29550	0.30140	0.30240	0.30480	0.30270	0.29460	0.29620	0.30990	0.29430	0.27960	0.27870	Spectrum Read#19

Spectrum
Wavelength 20 (590 nm)
	1	2	3	4	5	6	7	8	9	10	11	12
A	0.20420	0.28330	0.36340	0.36600	0.20590	0.31590	0.36140	0.36350	0.20420	0.29290	0.33170	0.33710	Spectrum Read#20
B	0.21560	0.29820	0.36730	0.36870	0.21680	0.33020	0.36480	0.36670	0.21730	0.30400	0.33670	0.33820	Spectrum Read#20
C	0.22120	0.30230	0.36910	0.37140	0.23210	0.35010	0.36280	0.36630	0.22410	0.31650	0.33280	0.33510	Spectrum Read#20
D	0.22890	0.32550	0.36570	0.37220	0.24310	0.37000	0.36920	0.36750	0.23700	0.31420	0.32650	0.34070	Spectrum Read#20
E	0.24120	0.33850	0.37100	0.37230	0.25630	0.34560	0.36600	0.36820	0.24230	0.31880	0.33130	0.34120	Spectrum Read#20
F	0.24850	0.34530	0.36960	0.37260	0.26590	0.34930	0.35020	0.36810	0.26160	0.32560	0.33200	0.33860	Spectrum Read#20
G	0.25940	0.35730	0.37280	0.37500	0.29310	0.36510	0.36630	0.36710	0.27120	0.32030	0.33620	0.34970	Spectrum Read#20
H	0.27120	0.35510	0.36930	0.37080	0.29670	0.36690	0.36460	0.36740	0.28610	0.33270	0.33300	0.34130	Spectrum Read#20

Spectrum
Wavelength 21 (600 nm)
	1	2	3	4	5	6	7	8	9	10	11	12
A	0.13290	0.28870	0.43280	0.43910	0.13390	0.33130	0.42950	0.43540	0.13300	0.29490	0.37590	0.39790	Spectrum Read#21
B	0.14980	0.31480	0.43980	0.44260	0.15190	0.35800	0.43470	0.43950	0.14860	0.31510	0.38620	0.39780	Spectrum Read#21
C	0.16330	0.33420	0.44220	0.44550	0.17400	0.38950	0.43250	0.43850	0.16080	0.33760	0.38370	0.39430	Spectrum Read#21
D	0.18080	0.36420	0.43790	0.44700	0.19630	0.42120	0.44080	0.44040	0.18370	0.33780	0.37580	0.40320	Spectrum Read#21
E	0.20220	0.38750	0.44520	0.44670	0.22140	0.40210	0.43740	0.44080	0.19880	0.34820	0.38360	0.40520	Spectrum Read#21
F	0.22140	0.40320	0.44340	0.44720	0.24680	0.41040	0.41850	0.44050	0.23150	0.35920	0.38650	0.40050	Spectrum Read#21
G	0.24330	0.42140	0.44710	0.45010	0.28340	0.43190	0.43800	0.43950	0.25230	0.36220	0.39560	0.41560	Spectrum Read#21
H	0.26670	0.42110	0.44310	0.44530	0.29920	0.43440	0.43620	0.43980	0.27530	0.37680	0.38970	0.40560	Spectrum Read#21

Spectrum
Wavelength 22 (610 nm)
	1	2	3	4	5	6	7	8	9	10	11	12
A	0.09060	0.27160	0.43260	0.44010	0.09110	0.31380	0.42230	0.42790	0.09070	0.27070	0.35860	0.38390	Spectrum Read#22
B	0.11000	0.30010	0.44110	0.44370	0.11310	0.34270	0.42700	0.43180	0.10780	0.29280	0.36980	0.38320	Spectrum Read#22
C	0.12720	0.32450	0.44270	0.44630	0.13730	0.37560	0.42520	0.43100	0.12200	0.31650	0.36800	0.37990	Spectrum Read#22
D	0.14800	0.35560	0.43880	0.44810	0.16350	0.40990	0.43310	0.43270	0.14730	0.31700	0.35970	0.38930	Spectrum Read#22
E	0.17230	0.38140	0.44600	0.44750	0.19210	0.39320	0.42980	0.43330	0.16480	0.32870	0.36840	0.39160	Spectrum Read#22
F	0.19510	0.40030	0.44430	0.44840	0.22230	0.40190	0.41130	0.43280	0.20060	0.33960	0.37150	0.38620	Spectrum Read#22
G	0.22010	0.41980	0.44830	0.45140	0.26010	0.42430	0.43070	0.43180	0.22400	0.34520	0.38130	0.40150	Spectrum Read#22
H	0.24680	0.42020	0.44430	0.44670	0.27950	0.42680	0.42890	0.43220	0.24770	0.35930	0.37510	0.39200	Spectrum Read#22

Spectrum
Wavelength 23 (620 nm)
	1	2	3	4	5	6	7	8	9	10	11	12
A	0.06910	0.23780	0.37680	0.38310	0.06910	0.27460	0.37030	0.37530	0.06890	0.23390	0.31070	0.33300	Spectrum Read#23
B	0.08810	0.26290	0.38360	0.38570	0.09080	0.30050	0.37450	0.37840	0.08710	0.25320	0.32020	0.33210	Spectrum Read#23
C	0.10530	0.28430	0.38520	0.38860	0.11400	0.32970	0.37280	0.37800	0.10070	0.27460	0.31880	0.32940	Spectrum Read#23
D	0.12520	0.31080	0.38160	0.39010	0.13840	0.35970	0.38000	0.37900	0.12410	0.27460	0.31210	0.33730	Spectrum Read#23
E	0.14770	0.33320	0.38770	0.38940	0.16480	0.34510	0.37680	0.37960	0.14010	0.28490	0.31950	0.33900	Spectrum Read#23
F	0.16930	0.34860	0.38650	0.38980	0.19270	0.35290	0.36070	0.37910	0.17200	0.29420	0.32190	0.33440	Spectrum Read#23
G	0.19160	0.36570	0.38990	0.39240	0.22630	0.37260	0.37760	0.37790	0.19260	0.29890	0.33080	0.34800	Spectrum Read#23
H	0.21600	0.36600	0.38640	0.38820	0.24400	0.37430	0.37630	0.37830	0.21310	0.31140	0.32540	0.34010	Spectrum Read#23

Spectrum
Wavelength 24 (630 nm)
	1	2	3	4	5	6	7	8	9	10	11	12
A	0.05820	0.23400	0.37490	0.38090	0.05830	0.27200	0.38110	0.38690	0.05850	0.23460	0.32180	0.34950	Spectrum Read#24
B	0.07680	0.26030	0.37930	0.38300	0.07870	0.30060	0.38550	0.39000	0.07660	0.25600	0.33280	0.34820	Spectrum Read#24
C	0.09450	0.28250	0.38250	0.38680	0.10090	0.33190	0.38410	0.38920	0.09050	0.27920	0.33190	0.34540	Spectrum Read#24
D	0.11540	0.30870	0.37930	0.38730	0.12680	0.36450	0.39180	0.39120	0.11520	0.28020	0.32490	0.35410	Spectrum Read#24
E	0.13930	0.33130	0.38490	0.38740	0.15410	0.35250	0.38860	0.39140	0.13290	0.29190	0.33310	0.35640	Spectrum Read#24
F	0.16220	0.34620	0.38390	0.38780	0.18410	0.36170	0.37210	0.39090	0.16650	0.30270	0.33630	0.35140	Spectrum Read#24
G	0.18570	0.36300	0.38740	0.38930	0.21810	0.38170	0.38950	0.38910	0.18910	0.30960	0.34640	0.36570	Spectrum Read#24
H	0.21100	0.36400	0.38390	0.38440	0.23910	0.38440	0.38770	0.39040	0.21150	0.32220	0.34040	0.35750	Spectrum Read#24

Spectrum
Wavelength 25 (640 nm)
	1	2	3	4	5	6	7	8	9	10	11	12
A	0.05040	0.26800	0.44310	0.45000	0.05050	0.31630	0.46690	0.47600	0.05060	0.27430	0.39560	0.43580	Spectrum Read#25
B	0.06930	0.30110	0.44670	0.45250	0.07070	0.35490	0.47350	0.47910	0.06780	0.30340	0.41120	0.43400	Spectrum Read#25
C	0.09020	0.33030	0.45190	0.45760	0.09540	0.39660	0.47230	0.47740	0.08430	0.33450	0.41070	0.43040	Spectrum Read#25
D	0.11660	0.36160	0.44840	0.45730	0.12760	0.43860	0.48090	0.48120	0.11550	0.33750	0.40180	0.44230	Spectrum Read#25
E	0.14630	0.39030	0.45500	0.45850	0.16210	0.42880	0.47760	0.48100	0.13970	0.35420	0.41310	0.44590	Spectrum Read#25
F	0.17560	0.40830	0.45350	0.45770	0.20190	0.44140	0.45790	0.47980	0.18270	0.36820	0.41790	0.43920	Spectrum Read#25
G	0.20570	0.42830	0.45760	0.45910	0.24460	0.46640	0.47910	0.47710	0.21360	0.38030	0.43150	0.45730	Spectrum Read#25
H	0.23800	0.43050	0.45380	0.45210	0.27320	0.47060	0.47660	0.47950	0.24270	0.39620	0.42300	0.44720	Spectrum Read#25

Spectrum
Wavelength 26 (650 nm)
	1	2	3	4	5	6	7	8	9	10	11	12
A	0.04530	0.32180	0.54690	0.55550	0.04510	0.39450	0.60310	0.61590	0.04550	0.34400	0.51550	0.57260	Spectrum Read#26
B	0.06590	0.36470	0.55070	0.55820	0.06770	0.44760	0.61280	0.62000	0.06200	0.38450	0.53740	0.57000	Spectrum Read#26
C	0.09110	0.40320	0.55820	0.56540	0.09760	0.50450	0.61090	0.61670	0.08210	0.42770	0.53710	0.56560	Spectrum Read#26
D	0.12520	0.44320	0.55440	0.56420	0.14010	0.56140	0.62270	0.62290	0.12460	0.43310	0.52530	0.58210	Spectrum Read#26
E	0.16330	0.48000	0.56190	0.56640	0.18600	0.55130	0.61880	0.62200	0.15850	0.45700	0.54110	0.58670	Spectrum Read#26
F	0.20110	0.50320	0.55990	0.56470	0.24010	0.56920	0.59250	0.62070	0.21660	0.47660	0.54840	0.57790	Spectrum Read#26
G	0.24060	0.52880	0.56470	0.56560	0.29660	0.60220	0.62050	0.61650	0.25950	0.49540	0.56650	0.60160	Spectrum Read#26
H	0.28240	0.53150	0.56010	0.55680	0.33640	0.60840	0.61750	0.61980	0.30030	0.51580	0.55470	0.58850	Spectrum Read#26

Spectrum
Wavelength 27 (660 nm)
	1	2	3	4	5	6	7	8	9	10	11	12
A	0.04210	0.29290	0.48840	0.49470	0.04200	0.35870	0.52870	0.53640	0.04240	0.31570	0.46430	0.51010	Spectrum Read#27
B	0.06080	0.33080	0.49260	0.49710	0.06250	0.40410	0.53620	0.53980	0.05620	0.35170	0.48270	0.50830	Spectrum Read#27
C	0.08430	0.36370	0.49790	0.50270	0.09040	0.45230	0.53430	0.53640	0.07470	0.38990	0.48170	0.50420	Spectrum Read#27
D	0.11580	0.39930	0.49420	0.50230	0.13010	0.50040	0.54430	0.54180	0.11470	0.39420	0.47120	0.51780	Spectrum Read#27
E	0.15080	0.43120	0.50090	0.50370	0.17250	0.48740	0.54010	0.54070	0.14600	0.41460	0.48470	0.52160	Spectrum Read#27
F	0.18530	0.45140	0.49920	0.50240	0.22190	0.50130	0.51630	0.53960	0.20010	0.43140	0.49030	0.51400	Spectrum Read#27
G	0.22090	0.47350	0.50330	0.50360	0.27330	0.52930	0.54090	0.53560	0.23950	0.44620	0.50550	0.53470	Spectrum Read#27
H	0.25870	0.47520	0.49900	0.49610	0.30850	0.53450	0.53800	0.53870	0.27640	0.46500	0.49570	0.52260	Spectrum Read#27

Spectrum
Wavelength 28 (670 nm)
	1	2	3	4	5	6	7	8	9	10	11	12
A	0.04010	0.19430	0.30240	0.30500	0.03980	0.22880	0.30980	0.31130	0.04030	0.19850	0.27220	0.29090	Spectrum Read#28
B	0.05290	0.21530	0.30590	0.30680	0.05340	0.25230	0.31340	0.31320	0.04970	0.21730	0.28060	0.29040	Spectrum Read#28
C	0.06870	0.23290	0.30800	0.30940	0.07100	0.27750	0.31150	0.31160	0.06050	0.23770	0.27940	0.28780	Spectrum Read#28
D	0.08850	0.25420	0.30500	0.30960	0.09600	0.30320	0.31710	0.31370	0.08430	0.23860	0.27370	0.29410	Spectrum Read#28
E	0.11060	0.27170	0.30930	0.30980	0.12170	0.29060	0.31440	0.31320	0.10300	0.24850	0.27980	0.29560	Spectrum Read#28
F	0.13140	0.28270	0.30800	0.30950	0.15090	0.29690	0.30000	0.31270	0.13460	0.25710	0.28200	0.29200	Spectrum Read#28
G	0.15280	0.29520	0.31070	0.31080	0.18150	0.31250	0.31420	0.31060	0.15670	0.26220	0.28920	0.30270	Spectrum Read#28
H	0.17560	0.29510	0.30770	0.30700	0.20090	0.31400	0.31220	0.31240	0.17690	0.27300	0.28510	0.29600	Spectrum Read#28

Spectrum
Wavelength 29 (680 nm)
	1	2	3	4	5	6	7	8	9	10	11	12
A	0.03890	0.11560	0.16530	0.16670	0.03860	0.13010	0.16410	0.16410	0.03920	0.11320	0.14300	0.14940	Spectrum Read#29
B	0.04620	0.12490	0.16790	0.16780	0.04570	0.13990	0.16550	0.16600	0.04500	0.12100	0.14590	0.14920	Spectrum Read#29
C	0.05500	0.13240	0.16820	0.16850	0.05460	0.15120	0.16420	0.16520	0.05010	0.13010	0.14530	0.14770	Spectrum Read#29
D	0.06460	0.14310	0.16640	0.16890	0.06710	0.16390	0.16760	0.16560	0.06110	0.12950	0.14290	0.15070	Spectrum Read#29
E	0.07570	0.15100	0.16860	0.16870	0.07940	0.15600	0.16550	0.16560	0.06990	0.13350	0.14520	0.15090	Spectrum Read#29
F	0.08550	0.15640	0.16810	0.16880	0.09330	0.15840	0.15920	0.16550	0.08460	0.13730	0.14570	0.14920	Spectrum Read#29
G	0.09590	0.16240	0.16970	0.16990	0.10770	0.16600	0.16570	0.16520	0.09450	0.13830	0.14910	0.15440	Spectrum Read#29
H	0.10800	0.16180	0.16810	0.16870	0.11690	0.16610	0.16520	0.16530	0.10310	0.14350	0.14800	0.15150	Spectrum Read#29

Spectrum
Wavelength 30 (690 nm)
	1	2	3	4	5	6	7	8	9	10	11	12
A	0.03830	0.07320	0.09560	0.09660	0.03810	0.07900	0.09310	0.09370	0.03830	0.07070	0.08220	0.08490	Spectrum Read#30
B	0.04200	0.07690	0.09780	0.09750	0.04120	0.08240	0.09390	0.09500	0.04250	0.07330	0.08300	0.08460	Spectrum Read#30
C	0.04640	0.08040	0.09730	0.09760	0.04510	0.08730	0.09330	0.09480	0.04400	0.07740	0.08300	0.08420	Spectrum Read#30
D	0.05050	0.08510	0.09630	0.09780	0.05120	0.09350	0.09530	0.09460	0.04850	0.07670	0.08210	0.08530	Spectrum Read#30
E	0.05530	0.08910	0.09730	0.09770	0.05640	0.08970	0.09400	0.09470	0.05260	0.07840	0.08280	0.08540	Spectrum Read#30
F	0.05970	0.09180	0.09730	0.09770	0.06240	0.09040	0.09170	0.09520	0.05870	0.08000	0.08310	0.08450	Spectrum Read#30
G	0.06420	0.09460	0.09860	0.09860	0.06840	0.09420	0.09450	0.09520	0.06270	0.07990	0.08490	0.08700	Spectrum Read#30
H	0.07110	0.09440	0.09740	0.09840	0.07280	0.09420	0.09430	0.09520	0.06580	0.08260	0.08500	0.08640	Spectrum Read#30

Spectrum
Wavelength 31 (700 nm)
	1	2	3	4	5	6	7	8	9	10	11	12
A	0.03760	0.05330	0.06360	0.06430	0.03740	0.05590	0.06190	0.06260	0.03790	0.05230	0.05670	0.05790	Spectrum Read#31
B	0.03930	0.05490	0.06510	0.06490	0.03880	0.05680	0.06270	0.06390	0.04090	0.05290	0.05680	0.05780	Spectrum Read#31
C	0.04220	0.05620	0.06450	0.06490	0.04060	0.05910	0.06200	0.06380	0.04080	0.05510	0.05710	0.05770	Spectrum Read#31
D	0.04380	0.05870	0.06380	0.06500	0.04350	0.06250	0.06350	0.06370	0.04260	0.05410	0.05710	0.05810	Spectrum Read#31
E	0.04570	0.06060	0.06450	0.06490	0.04550	0.06030	0.06280	0.06370	0.04490	0.05500	0.05710	0.05820	Spectrum Read#31
F	0.04730	0.06190	0.06440	0.06480	0.04830	0.06080	0.06210	0.06430	0.04700	0.05560	0.05700	0.05790	Spectrum Read#31
G	0.04940	0.06330	0.06550	0.06530	0.05030	0.06250	0.06320	0.06440	0.04870	0.05540	0.05820	0.05900	Spectrum Read#31
H	0.05360	0.06300	0.06460	0.06590	0.05300	0.06240	0.06310	0.06420	0.04940	0.05690	0.05890	0.05930	Spectrum Read#31

